Random waveform, supplied seed
Total number of intervals = 96 (7434, 67201, 85927, 63953, 31595, 87879, 7287, 62295, 6561, 22532, 60653, 59076, 60154, 22964, 8172, 27652, 37594, 24367, 33771, 84944, 85666, 51918, 34406, 28664, 38289, 20658, 13840, 93419, 98284, 71313, 42089, 46458, 30755, 42889, 93552, 65694, 29574, 51355, 67361, 16287, 81508, 87619, 99068, 51267, 11822, 97494, 97350, 55460, 85984, 82043, 52873, 13911, 49984, 9274, 27187, 18735, 86505, 93039, 75999, 32324, 84255, 81759, 37291, 53818, 30297, 31569, 38927, 10652, 98119, 48176, 34929, 69735, 20753, 84642, 42333, 61587, 77998, 97625, 23781, 66723, 31016, 47394, 95335, 5252, 65908, 16889, 42912, 99898, 26385, 22616, 50605, 90283, 26273, 48521, 34058, 75648)
Average QPS expected = 51748
Timestamp start: 1684941973193
Timestamp end: 1684942933603

#type       avg     std     min      p5     p10     p50     p67     p75     p80     p85     p90     p95     p99    p999   p9999      QPS   target
read      511.4  1190.7   160.7   224.2   245.4   400.9   455.3   483.4   502.1   526.1   556.4   628.9  3735.9 18809.2 38193.0   7407.8     7434
read      351.9   331.9   148.8   202.5   212.8   291.5   346.0   388.4   428.0   486.7   550.7   624.2  1113.3  3458.4 13699.1  67112.9    67201
read      346.3   332.4   160.7   203.9   215.1   296.9   349.3   384.6   414.0   455.0   509.6   587.3   845.6  3914.1 10845.5  85935.4    85927
read      356.2   363.4   160.7   200.6   211.4   295.1   355.6   400.0   440.9   497.6   556.1   625.6   987.6  3872.5 14393.9  63875.3    63953
read      387.3   319.2   160.7   202.5   213.4   319.5   430.2   488.8   522.1   554.3   591.0   648.3  1017.7  3909.6 11408.5  31673.7    31595
read      340.0   310.6   160.7   203.6   214.5   293.4   342.8   375.0   402.7   441.6   497.7   575.9   818.7  3479.7  9456.0  87830.4    87879
read      512.4  1348.6   173.5   226.7   248.4   394.0   448.4   478.2   498.0   521.7   551.6   629.4  3401.9 26772.0 40014.0   7315.4     7287
read      359.7   324.8   160.7   202.8   213.5   298.3   362.4   409.3   453.3   507.8   564.9   633.7  1066.4  3476.9 13603.0  62349.9    62295
read      514.2  1280.9   160.7   228.2   250.7   388.3   436.9   465.4   485.5   506.7   540.9   633.5  3659.2 21696.0 42915.8   6626.8     6561
read      498.7   936.2   160.7   204.2   217.4   397.5   505.3   571.2   616.4   663.6   720.5   820.4  2705.4  9763.4 33299.4  22510.3    22532
read      362.8   347.9   148.8   201.2   211.8   296.8   361.2   411.2   458.8   515.0   573.0   640.7  1148.3  3952.2 11977.4  60694.4    60653
read      357.7   385.8   160.7   203.3   213.9   296.7   360.0   408.7   455.2   510.8   566.6   629.4   878.6  3713.3 14823.1  58936.9    59076
read      352.0   277.4   160.7   200.9   211.6   295.4   358.2   404.9   449.4   504.8   560.0   623.0   816.9  3285.8  8789.9  60011.0    60154
read      490.6   834.3   160.7   202.7   215.3   397.8   503.2   562.9   607.8   656.6   714.3   807.5  2271.1 11146.4 31505.4  23069.7    22964
read      530.6  1288.7   160.7   221.7   240.9   402.3   459.7   489.2   508.0   533.0   565.8   642.1  4026.4 25407.2 37380.1   8187.4     8172
read      500.6   867.4   160.7   204.9   217.9   386.3   500.5   561.1   609.5   670.1   744.7   885.1  2638.1 11115.3 32404.4  27586.9    27652
read      376.9   356.5   160.7   197.0   208.4   303.7   406.0   473.9   513.4   549.1   588.5   642.0  1070.3  3808.3 12393.6  37554.6    37594
read      526.6  1054.5   160.7   204.0   216.9   403.1   512.7   579.0   627.2   679.3   741.9   870.3  2833.9 13216.6 32471.5  24343.1    24367
read      386.5   468.9   148.8   197.6   209.2   309.4   420.5   482.6   517.7   549.5   585.6   637.0  1088.0  5012.9 20379.5  33761.4    33771
read      336.8   251.9   148.8   203.6   214.6   293.5   345.1   379.9   408.9   449.5   504.9   578.1   747.3  2696.1  8776.5  84934.7    84944
read      354.6   357.0   148.8   205.8   218.3   305.0   362.0   399.8   431.5   473.3   530.2   609.2   869.9  3396.1  8774.2  85591.3    85666
read      362.4   317.5   160.7   199.7   211.0   299.6   370.4   428.1   478.9   530.7   580.7   637.1   885.9  3473.3 11539.8  51886.5    51918
read      378.9   366.5   160.7   199.0   210.5   309.3   417.2   480.2   516.3   549.2   585.0   633.8   947.0  4054.3 14061.5  34496.5    34406
read      491.6   894.2   160.7   202.0   214.0   374.2   486.7   543.8   587.2   644.0   724.6   864.9  2776.7 10548.4 32048.5  28651.0    28664
read      375.9   389.7   160.7   198.4   209.7   304.6   403.1   469.9   510.2   546.7   585.6   638.5   976.1  4056.6 14686.6  38373.8    38289
read      524.2  1107.3   160.7   202.8   215.3   398.9   501.4   562.2   607.3   655.7   714.7   828.1  3637.8 12362.3 36765.3  20667.0    20658
read      529.8  1192.4   160.7   208.3   223.3   406.0   497.3   541.1   570.5   603.0   643.7   733.5  3960.5 14722.8 37109.5  13882.6    13840
read      357.6   383.1   148.8   204.1   215.8   301.5   352.9   385.7   412.4   449.9   503.6   587.4  1521.1  4329.9 12114.5  93401.2    93419
read      337.7   324.7   148.8   203.9   215.0   295.0   342.9   372.7   397.8   430.9   479.3   554.1   764.8  3906.5 11327.9  98349.6    98284
read      348.6   321.8   148.8   203.8   214.6   295.2   349.5   389.8   426.2   478.2   542.9   615.7   814.5  3602.5  8945.1  71358.2    71313
read      372.1   321.7   160.7   203.0   213.8   307.4   390.1   456.9   502.5   545.2   588.3   640.6   923.6  3290.1 12004.1  42199.8    42089
read      363.5   318.6   160.7   201.7   212.2   299.6   371.8   435.2   483.6   531.3   576.5   630.0   896.1  3821.1  9438.8  46478.4    46458
read      426.0   726.2   160.7   204.9   216.9   333.0   442.5   498.4   532.5   568.8   615.7   724.1  1499.7  9185.0 31787.6  30593.5    30755
read      363.6   424.1   160.7   201.2   211.7   301.1   379.5   446.1   491.3   535.1   577.1   628.0   872.7  3164.8  9073.6  42985.8    42889
read      333.2   244.0   148.8   203.8   214.4   293.2   341.5   371.0   395.8   429.1   477.4   555.4   744.1  3165.0  7346.8  93486.0    93552
read      351.5   335.5   160.7   203.3   213.8   295.6   351.3   393.4   431.6   484.0   545.3   614.4   891.4  4189.9 10647.7  65602.3    65694
read      463.2   759.4   148.8   205.4   218.1   353.1   463.1   519.5   558.4   610.8   693.1   836.4  2348.4  9048.9 31625.8  29544.0    29574
read      368.0   299.3   148.8   202.6   213.1   302.3   371.0   432.4   483.6   536.9   587.6   651.8  1085.3  3135.7  9553.2  51450.0    51355
read      347.9   330.3   160.7   203.3   213.7   293.7   346.8   387.7   425.9   479.3   544.8   613.9   851.4  3153.2 13464.9  67588.1    67361
read      514.8  1103.6   160.7   211.5   226.0   395.0   487.8   541.0   575.7   614.1   662.0   748.1  3666.7 15074.1 35498.9  16275.8    16287
read      345.9   314.3   160.7   204.4   215.4   295.3   346.3   380.4   409.7   452.4   514.4   592.5  1051.8  3518.6 11198.2  81345.3    81508
read      337.6   307.2   148.8   203.9   214.4   291.9   341.1   372.1   399.1   435.5   490.5   569.4   790.1  3661.2  9839.7  87442.2    87619
read      344.7   335.4   160.7   205.9   218.1   300.2   350.5   381.8   406.0   439.8   487.7   563.2   798.3  4055.7  9939.3  99196.8    99068
read      363.7   365.4   148.8   202.3   212.7   299.5   366.6   424.8   473.4   526.9   576.2   632.1   922.3  4040.1 12884.6  51326.7    51267
read      526.4  1117.4   160.7   210.8   226.5   406.6   483.4   523.6   548.4   579.4   621.0   712.1  4362.5 14949.5 32349.6  11769.1    11822
read      348.7   404.9   148.8   204.8   216.4   298.1   346.1   376.1   401.4   435.9   487.4   568.7  1419.1  3945.4 12523.6  97510.0    97494
read      343.2   600.9   160.7   205.8   218.0   299.8   349.3   380.1   404.3   437.2   485.5   560.0   779.2  3769.2 13219.5  97363.8    97350
read      357.5   342.4   148.8   201.9   212.4   297.9   364.0   415.5   461.5   515.6   568.2   626.5   886.7  2989.0 11936.4  55536.8    55460
read      347.4   760.6   160.7   204.3   215.9   299.6   351.2   383.4   409.0   443.8   491.7   564.4   811.6  3958.4 12727.4  85864.2    85984
read      348.7   484.0   148.8   201.1   212.2   301.2   355.3   388.4   414.9   448.7   494.0   567.4   987.6  4334.8 11584.7  82071.3    82043
read      354.0   277.4   148.8   198.3   209.6   309.8   375.3   415.2   444.8   479.8   525.3   595.1  1011.9  3041.0  9557.1  52748.8    52873
read      526.4  1285.1   160.7   198.6   212.4   384.5   466.8   518.6   552.1   589.2   639.2   747.2  4198.6 27944.3 37500.6  13930.1    13911
read      368.3   431.8   148.8   200.9   212.4   313.7   379.0   420.5   452.0   488.7   535.4   610.4  1119.9  5081.8 15550.9  49984.2    49984
read      541.1  1424.7   160.7   207.7   225.3   373.9   441.1   473.9   498.2   527.5   569.0   689.6  4839.6 30371.1 34988.5   9264.6     9274
read      522.6  1063.0   160.7   202.7   214.4   373.5   485.6   552.7   611.8   689.4   786.4   949.7  3395.1 11990.3 32497.9  27300.7    27187
read      533.3  1147.2   148.8   196.4   209.2   395.7   495.7   565.9   613.5   665.7   730.4   856.9  3707.3 14384.0 35559.2  18842.6    18735
read      380.5   420.6   148.8   204.6   216.9   313.1   367.5   401.3   430.5   468.0   523.9   630.8  1659.5  5191.1 12726.9  86503.9    86505
read      356.0   378.3   160.7   206.6   219.6   311.3   364.8   397.1   422.8   455.0   498.9   574.7   901.8  3960.5 15394.1  93174.3    93039
read      350.1   368.7   148.8   200.8   211.9   303.0   361.1   396.4   424.6   459.4   505.0   576.5   924.9  3738.2 12774.4  76139.4    75999
read      400.3   510.1   160.7   196.8   208.5   326.6   416.2   462.1   492.6   527.7   576.8   713.2  1464.1  6506.2 24358.1  32346.2    32324
read      358.4   375.2   148.8   202.1   213.6   306.7   361.2   394.6   421.4   455.0   500.8   585.0  1414.5  3806.2 12826.8  84395.2    84255
read      334.5   216.8   148.8   204.4   216.2   303.4   354.5   383.5   405.1   434.0   471.4   536.5   723.1  2322.5  8112.8  81920.8    81759
read      356.0   270.4   148.8   200.5   211.9   313.0   391.4   438.7   468.4   500.1   536.4   585.4   762.2  2410.7 10203.0  37329.1    37291
read      353.5   243.0   148.8   203.0   214.5   313.6   379.1   419.2   449.9   485.2   528.1   590.4   824.0  1996.0  8273.8  53691.3    53818
read      395.6   343.4   160.7   201.3   213.3   340.6   430.1   473.1   502.5   538.2   588.8   725.7  1137.3  3917.6 12511.4  30341.4    30297
read      371.0   343.8   160.7   199.2   210.5   320.9   408.8   454.0   482.0   510.8   546.2   601.0  1002.4  3904.8 12552.3  31659.4    31569
read      369.0   308.1   160.7   199.8   211.2   319.8   400.6   448.7   480.1   513.9   553.4   617.6  1028.4  2791.2 10027.9  38964.4    38927
read      493.6  1066.1   160.7   206.7   222.8   389.7   462.6   501.9   530.0   562.2   604.7   695.1  3220.2 12770.0 35792.6  10628.6    10652
read      354.8   274.0   160.7   206.3   219.8   317.3   370.7   403.0   429.2   461.5   505.1   580.6   828.1  3230.2  8558.5  97968.9    98119
read      363.3   308.7   160.7   200.3   211.5   317.9   385.5   425.7   456.1   491.7   537.4   612.8  1087.6  3116.2 12393.1  48102.4    48176
read      366.2   305.5   160.7   199.5   210.7   320.7   396.5   439.9   468.4   499.9   538.4   596.7  1004.4  3709.2 11233.4  34915.2    34929
read      358.2   318.0   160.7   204.7   216.5   312.0   372.2   408.3   436.9   472.0   520.2   595.8  1032.3  3542.5 10280.8  69728.6    69735
read      368.2   343.7   160.7   198.9   210.0   345.2   411.4   441.6   460.6   481.9   506.8   552.8   853.4  4237.3 12715.6  20721.1    20753
read      353.3   292.8   160.7   205.7   218.5   312.7   368.9   402.1   429.2   462.1   506.2   585.1   845.6  3156.0  9027.5  84639.1    84642
read      362.0   293.4   148.8   203.4   214.2   307.3   385.7   437.1   471.2   507.2   549.4   611.4   914.7  3416.9 10000.8  42328.0    42333
read      344.0   277.3   160.7   198.6   209.5   296.7   356.9   395.7   427.6   466.4   513.7   581.1   991.7  2892.9 11088.9  61593.5    61587
read      342.9   347.8   160.7   197.5   208.6   295.9   351.7   386.3   413.6   449.3   495.4   568.4   994.3  3423.3 12590.5  77963.2    77998
read      345.3   347.5   148.8   201.2   212.4   301.6   352.7   383.5   407.5   439.5   483.2   556.6   867.1  3954.6 11818.3  97609.7    97625
read      361.3   351.7   160.7   195.8   207.1   328.8   406.1   438.3   458.2   480.1   506.0   550.9   863.9  4054.1 15091.2  23913.0    23781
read      335.8   255.2   148.8   200.3   211.1   296.2   354.1   388.4   414.9   447.4   486.6   543.7   758.5  2860.1  8521.3  66676.7    66723
read      338.6   199.4   148.8   198.3   210.1   314.5   386.7   418.7   438.6   458.9   482.4   514.0   607.1  1500.8  8282.6  31018.0    31016
read      330.3   212.6   148.8   197.1   208.5   299.3   363.0   401.2   427.8   455.2   485.3   526.7   634.6  1406.9  8059.4  47305.5    47394
read      312.0   261.9   148.8   196.9   208.1   286.7   334.7   362.8   383.9   409.9   444.9   495.8   608.4  1492.0  6059.9  95413.7    95335
read      338.5   323.3   160.7   231.2   255.6   317.4   340.8   354.7   365.1   376.2   393.6   421.8   525.7  5336.2 12521.4   5298.1     5252
read      331.7   179.2   148.8   203.4   214.6   299.9   358.1   392.7   418.8   449.5   485.4   535.0   660.3  1571.2  7464.0  65813.2    65908
read      344.0   258.3   160.7   203.5   215.6   341.5   389.2   409.5   423.0   436.4   457.1   486.4   573.7  2537.0  8721.2  16909.1    16889
read      335.6   187.8   148.8   197.7   209.2   305.7   370.4   408.5   433.9   460.1   489.9   533.0   662.2  1606.8  7928.6  42923.3    42912
read      316.3   181.2   148.8   203.4   214.5   292.6   337.2   363.6   383.7   407.7   441.4   493.1   607.7  1740.1  7791.5  99795.9    99898
read      341.5   246.2   148.8   199.5   211.2   316.2   391.8   421.4   439.5   459.2   482.3   515.1   605.8  1695.1 12147.7  26451.3    26385
read      345.7   208.8   160.7   200.7   212.4   331.3   397.6   423.4   439.7   458.3   480.3   513.4   619.8  2393.3  8360.8  22616.9    22616
read      334.3   211.8   148.8   197.3   208.8   303.3   366.3   403.2   429.8   458.3   490.5   535.5   654.8  1559.3  8643.3  50516.3    50605
read      318.2   163.9   148.8   200.3   211.3   292.1   340.5   369.0   391.1   417.8   452.6   502.4   623.0  1922.4  6596.4  90335.5    90283
read      344.2   226.1   148.8   202.0   213.2   315.1   394.2   426.1   445.9   466.2   491.3   526.2   615.2  2712.5  8704.0  26384.9    26273
read      332.4   214.2   160.7   197.7   209.1   299.5   362.4   400.9   428.1   456.5   488.3   532.5   645.2  1678.4  9324.1  48481.7    48521
read      334.8   214.0   148.8   195.7   207.3   302.8   377.2   415.5   438.3   461.0   487.4   524.9   635.8  1474.2  8704.5  34107.6    34058
read      321.9   181.7   148.8   199.6   210.6   293.1   345.2   375.7   400.0   429.6   464.8   512.2   636.6  1671.5  7739.9  75608.9    75648

Total QPS = 51753.2 (49683100 / 960.0s)

Total connections = 64
Misses = 0 (0.0%)
Skipped TXs = 0 (0.0%)

RX 12271725453 bytes :   12.2 MB/s
TX          0 bytes :    0.0 MB/s
Warning! Detected max cpu usage > 95%
CPU Usage Stats (avg/min/max): 99.94%,48.48%,100.00%
