Random waveform, supplied seed
Total number of intervals = 350 (7434, 67201, 85927, 63953, 31595, 87879, 7287, 62295, 6561, 22532, 60653, 59076, 60154, 22964, 8172, 27652, 37594, 24367, 33771, 84944, 85666, 51918, 34406, 28664, 38289, 20658, 13840, 93419, 98284, 71313, 42089, 46458, 30755, 42889, 93552, 65694, 29574, 51355, 67361, 16287, 81508, 87619, 99068, 51267, 11822, 97494, 97350, 55460, 85984, 82043, 52873, 13911, 49984, 9274, 27187, 18735, 86505, 93039, 75999, 32324, 84255, 81759, 37291, 53818, 30297, 31569, 38927, 10652, 98119, 48176, 34929, 69735, 20753, 84642, 42333, 61587, 77998, 97625, 23781, 66723, 31016, 47394, 95335, 5252, 65908, 16889, 42912, 99898, 26385, 22616, 50605, 90283, 26273, 48521, 34058, 75648, 19482, 15054, 75754, 5187, 17656, 96343, 36665, 85269, 31525, 61798, 12253, 25710, 79937, 7271, 85861, 91467, 72217, 31080, 76878, 84584, 12492, 57106, 96245, 6791, 90728, 5151, 82969, 42635, 99337, 95192, 69200, 49459, 29055, 64324, 5705, 84816, 23714, 74116, 19948, 44213, 19454, 7190, 47657, 44399, 6481, 5807, 83137, 9580, 37385, 33706, 35204, 50438, 48878, 42682, 27416, 64424, 64364, 5481, 26227, 26586, 86286, 24452, 26832, 29795, 46224, 84587, 63389, 46953, 90536, 12508, 38491, 97806, 11813, 39665, 53571, 63215, 78767, 8615, 67903, 16398, 53434, 38068, 9130, 69227, 37496, 83925, 51037, 33690, 51474, 73708, 98618, 81977, 91567, 48236, 91726, 52458, 70467, 71151, 65016, 42057, 78821, 60720, 39911, 10628, 73736, 7334, 91868, 76670, 10405, 26019, 55530, 29615, 66057, 55281, 21177, 88239, 70227, 23421, 97104, 6235, 58045, 23729, 40897, 53312, 87262, 81836, 92274, 47252, 75747, 80994, 98224, 7737, 37514, 10640, 90490, 92514, 89245, 73823, 46565, 21419, 66915, 31667, 72255, 99535, 9226, 67844, 71413, 97328, 55113, 53743, 15253, 90605, 25767, 93458, 95080, 88399, 95681, 33003, 98809, 64610, 51183, 20194, 7602, 46677, 5577, 23035, 57516, 62851, 38431, 25729, 19443, 19461, 42341, 5691, 40223, 29941, 41162, 43863, 20318, 93421, 48578, 40595, 17677, 78948, 9703, 9686, 7968, 15830, 8192, 79410, 76582, 54634, 72177, 15101, 8167, 44130, 53047, 97171, 81360, 77277, 38294, 11165, 74155, 12255, 52404, 17057, 6005, 85707, 79742, 58322, 26212, 69487, 29507, 51412, 67374, 55125, 53048, 12192, 36138, 60799, 36368, 39729, 95693, 40999, 65037, 12633, 50117, 62765, 12379, 49369, 39111, 52692, 24539, 61591, 47864, 16479, 75268, 8714, 13002, 77147, 43518, 27206, 55859, 37448, 45026, 99974, 64632, 49061, 80418, 16471, 35694, 13935, 79838, 48842)
Average QPS expected = 50036
Timestamp start: 1684938832147
Timestamp end: 1684939792652

#type       avg     std     min      p5     p10     p50     p67     p75     p80     p85     p90     p95     p99    p999   p9999      QPS   target
read      450.1  1033.0   160.7   213.4   231.8   353.9   406.1   435.8   460.5   490.1   533.2   628.0  2498.2 15872.5 32248.0   7389.1     7434
read      364.0   426.8   148.8   198.4   210.0   300.9   354.7   389.5   418.1   456.6   511.4   646.8  1426.6  4292.1 13316.1  67092.0    67201
read      331.1   400.9   160.7   196.4   207.9   294.4   339.8   365.4   385.2   410.2   447.5   511.6   804.9  3893.8 14945.6  85573.1    85927
read      334.8   231.3   160.7   200.3   211.5   297.4   348.6   380.2   404.9   437.8   484.3   552.9   827.2  2584.4  8714.3  63940.7    63953
read      382.0   512.5   160.7   197.1   208.2   308.5   389.6   431.3   461.1   496.2   545.9   690.3  1421.8  6564.5 15884.5  31418.2    31595
read      324.4   283.7   160.7   198.7   209.9   292.5   337.6   363.6   383.5   408.4   445.6   507.0   709.2  2871.7  8553.1  87946.9    87879
read      466.0  1351.0   160.7   208.2   225.1   328.5   373.6   400.9   422.2   448.7   488.6   578.5  3424.5 29834.8 32390.3   7274.5     7287
read      381.5   397.0   160.7   200.2   212.0   304.6   363.2   403.6   440.0   487.4   553.6   759.2  1554.6  4648.8 10126.8  61808.0    62295
read      487.8  1394.5   173.5   215.9   236.0   340.4   386.3   412.2   431.9   458.5   495.1   581.8  3738.8 28719.2 36653.7   6638.9     6561
read      490.3   775.9   160.7   209.3   225.0   380.6   479.0   551.4   601.9   655.7   721.4   837.4  2836.1  7978.9 31562.2  22512.7    22532
read      386.1   484.4   160.7   205.3   218.5   318.9   378.8   416.9   449.2   492.5   551.9   664.9  1503.0  5016.8 15973.2  60610.5    60653
read      361.9   500.2   160.7   200.2   211.7   302.2   357.4   393.3   422.5   460.6   511.0   588.1  1274.5  6193.1 15056.4  58997.5    59076
read      354.8   282.8   148.8   203.3   214.7   307.5   366.1   403.0   433.9   473.3   524.8   596.1  1020.7  3320.6  7362.9  59942.5    60154
read      442.4   666.6   160.7   201.9   213.3   360.9   445.1   494.7   536.0   592.7   670.4   779.1  2113.6  8609.4 30342.6  23050.5    22964
read      491.2  1318.1   160.7   208.6   224.8   355.9   410.4   439.2   462.9   490.2   526.2   616.8  4027.5 28136.4 37708.2   8158.2     8172
read      460.4   759.2   160.7   196.2   208.2   347.8   447.2   504.9   559.9   644.5   746.2   901.3  2174.9  9711.6 36102.8  27516.7    27652
read      349.0   431.1   160.7   196.1   207.2   291.8   361.6   404.4   434.2   467.4   505.8   567.7   962.0  6623.2 24957.3  37641.5    37594
read      457.8   694.8   160.7   197.4   209.5   355.8   452.0   510.3   562.9   631.5   719.7   862.2  2251.5 10229.9 30901.4  24418.9    24367
read      396.9   577.5   160.7   195.0   206.1   305.2   388.4   434.2   467.7   505.4   564.7   792.3  1540.6  6641.7 30485.7  33845.5    33771
read      333.8   309.0   148.8   197.5   209.0   297.0   345.8   373.4   395.4   423.4   463.5   532.4   776.9  3281.0 10944.7  85048.0    84944
read      344.9   413.2   160.7   200.2   211.7   304.4   355.0   384.4   406.2   435.0   475.3   544.1   831.4  4087.2 15492.7  85747.6    85666
read      336.5   293.7   160.7   196.1   207.2   294.3   348.0   383.8   412.4   448.7   493.0   553.8   804.2  2908.8 10869.8  51612.4    51918
read      353.1   287.6   148.8   198.2   209.5   306.7   380.2   421.9   451.4   484.3   523.5   585.2   868.7  2940.2 12265.9  34306.9    34406
read      447.3   944.4   160.7   194.7   206.2   331.9   425.5   477.9   519.9   586.5   700.9   862.3  2058.1 10716.7 35981.5  28615.6    28664
read      348.0   343.4   160.7   196.0   207.4   302.9   367.7   407.3   435.8   470.0   509.0   570.4   817.2  3917.4 10980.6  38416.7    38289
read      453.4   647.3   160.7   194.3   206.5   366.7   449.1   506.5   552.6   606.4   675.2   792.8  2356.9 10455.0 28618.1  20669.8    20658
read      442.1   701.0   160.7   196.4   209.9   362.7   443.4   489.9   518.4   547.9   588.0   668.3  2555.7  9177.7 31055.6  13922.9    13840
read      432.2   526.6   160.7   205.9   220.4   326.3   371.9   402.9   432.5   478.4   586.0  1365.2  1943.4  5460.7 14834.6  93239.6    93419
read      342.1   322.7   148.8   204.4   217.1   307.3   352.8   379.0   399.6   427.3   465.9   532.9   754.2  3864.0 12031.1  98260.7    98284
read      341.1   257.7   148.8   200.6   212.1   302.4   354.3   385.9   411.1   444.8   491.3   563.9   869.1  3203.7  7245.2  71454.2    71313
read      339.0   237.0   160.7   195.4   206.7   293.1   357.8   400.5   432.3   467.6   507.2   564.3   865.4  2488.8  9582.0  41942.5    42089
read      351.0   305.2   160.7   200.7   212.1   303.5   367.8   409.5   441.6   478.3   521.5   585.2   920.4  2867.9 10334.3  46551.6    46458
read      343.6   241.1   160.7   195.0   206.2   297.3   374.9   415.1   441.0   468.6   501.7   550.1   850.1  3477.0  8025.6  30933.8    30755
read      336.7   255.8   160.7   195.0   206.1   292.3   351.6   391.8   421.6   455.8   495.4   547.7   795.7  3411.3  9736.3  42623.3    42889
read      338.4   350.2   148.8   201.6   213.2   300.8   345.8   371.6   392.1   417.6   454.5   519.0   853.3  4407.7 12270.6  93783.6    93552
read      336.9   350.4   148.8   200.1   211.2   297.0   347.5   378.2   402.5   434.4   479.2   545.4   788.8  3322.2 11515.7  65462.9    65694
read      425.6   640.9   160.7   196.5   208.6   328.4   416.6   463.5   498.9   547.6   636.8   812.9  2277.8  7932.5 31150.6  29568.4    29574
read      344.4   352.7   160.7   195.9   207.3   298.0   354.9   390.1   418.0   452.7   497.0   565.8   975.6  4028.2 15359.5  51074.2    51355
read      339.0   367.1   160.7   197.3   208.7   297.0   347.0   376.0   399.8   430.7   474.6   544.0   878.0  4412.8 13459.7  67364.4    67361
read      467.5  1060.3   160.7   197.0   210.0   356.4   424.7   472.4   510.7   553.8   606.1   692.5  2883.9 12428.1 33223.2  16228.0    16287
read      393.4   416.3   160.7   201.5   213.7   311.5   363.6   397.7   428.7   474.1   549.9   867.1  1821.0  4159.7 10688.0  81266.9    81508
read      327.7   202.7   160.7   201.6   213.1   298.4   343.1   369.7   390.7   417.2   456.1   521.6   688.0  2762.4  5483.9  87567.3    87619
read      327.4   242.1   148.8   198.9   210.5   295.2   339.2   364.9   384.8   409.7   446.9   509.6   794.6  3015.8  7949.3  99125.8    99068
read      348.5   296.0   160.7   198.6   210.1   303.7   362.5   399.2   429.4   466.4   514.5   589.8   953.0  2865.3 11626.1  51373.1    51267
read      513.3  1269.6   160.7   200.9   213.9   355.4   422.7   468.6   501.1   540.5   596.6   870.5  4113.3 26618.7 39106.4  11741.5    11822
read      356.9   386.6   148.8   202.4   214.1   306.7   353.6   380.8   401.7   430.1   470.3   550.8  1593.1  4234.5 14541.1  97449.8    97494
read      329.9   271.5   160.7   200.8   212.4   298.8   342.9   368.4   388.1   412.3   447.2   507.7   714.8  3115.7 10096.8  97745.1    97350
read      338.9   251.8   160.7   198.4   209.7   294.4   347.2   383.7   414.2   453.6   500.5   565.4   905.0  2834.8  7200.7  55302.5    55460
read      337.1   247.2   160.7   203.7   215.4   303.1   351.7   380.7   402.9   432.2   472.9   541.5   760.9  3200.8  8076.5  85905.1    85984
read      345.7   387.6   160.7   201.6   213.1   304.3   354.0   383.6   405.8   435.7   477.3   545.6   789.4  5355.5 11025.2  81905.5    82043
read      361.0   409.1   160.7   203.3   214.7   311.3   370.1   406.2   434.8   471.4   518.7   593.6  1052.6  5191.8 15031.5  53095.6    52873
read      468.7   993.0   160.7   201.7   214.8   363.1   429.3   478.4   515.0   556.4   608.2   700.6  2608.3 11510.7 32127.3  13863.3    13911
read      400.3   730.3   160.7   199.9   211.7   310.4   374.5   419.2   454.7   499.2   567.4   809.3  1563.1  6511.8 31644.6  49640.0    49984
read      454.7   949.5   160.7   203.4   218.8   349.0   404.9   438.7   465.2   495.3   536.3   633.2  3210.6 10973.2 31639.5   9348.0     9274
read      470.0   887.1   160.7   196.8   209.0   346.7   441.9   501.7   559.2   643.7   741.9   896.8  2227.7 14632.7 32884.7  27076.0    27187
read      526.4  1289.6   160.7   197.9   211.0   374.4   469.4   540.5   589.4   637.8   695.5   807.9  4210.8 20449.7 42800.7  18942.2    18735
read      398.7   449.8   160.7   200.9   213.1   318.0   369.0   398.2   423.4   459.1   522.5   876.3  1788.9  4819.7  9444.6  86416.0    86505
read      335.5   236.3   148.8   200.5   212.3   302.7   350.1   377.1   398.1   425.3   463.4   531.8   785.7  2841.8  6939.3  92900.7    93039
read      341.9   410.7   160.7   200.2   211.6   299.6   348.8   378.3   401.0   431.6   474.1   546.4   937.4  3278.3 15324.6  76083.3    75999
read      341.2   229.5   148.8   199.5   210.6   296.2   374.4   414.9   440.2   468.0   500.1   545.1   758.2  3058.2 10438.2  32258.2    32324
read      338.8   344.2   160.7   201.1   212.7   300.0   349.2   378.5   400.8   430.1   470.5   539.8   782.8  3822.7 11775.7  84150.2    84255
read      330.9   223.1   148.8   200.3   211.5   296.1   342.5   369.8   392.0   420.5   461.2   528.4   769.9  3665.2  6748.5  81602.5    81759
read      354.9   319.3   160.7   197.8   209.2   304.9   376.4   421.1   452.1   486.5   526.5   587.0   869.4  4544.8 11055.4  37467.6    37291
read      346.0   305.6   160.7   196.7   208.1   303.0   358.7   393.1   421.3   456.7   502.0   574.2  1055.9  2989.3 11245.8  53930.9    53818
read      422.9   675.1   160.7   195.5   207.1   321.9   410.5   460.9   497.8   548.4   656.0   854.6  1964.1  7740.9 30980.1  30298.5    30297
read      388.3   587.5   160.7   195.4   206.5   304.2   386.9   430.2   460.2   495.9   548.6   731.1  1225.7  7557.8 30221.9  31597.8    31569
read      344.4   325.7   148.8   195.2   206.4   295.0   362.5   403.3   433.2   467.0   506.1   565.9   908.1  3413.3  9240.8  38976.7    38927
read      448.2   966.3   160.7   203.7   217.5   355.1   418.5   456.8   483.8   511.9   549.2   627.0  2304.8 11904.0 41046.4  10658.5    10652
read      363.4   386.6   160.7   199.8   212.1   308.3   354.3   380.2   400.7   429.1   471.6   577.5  1611.7  4220.7  7485.6  97826.5    98119
read      342.2   234.0   148.8   195.4   206.8   299.6   358.3   394.5   423.0   458.4   503.4   575.1   977.3  2773.5  5069.3  48214.5    48176
read      337.6   243.8   160.7   194.6   205.5   295.1   361.5   400.6   428.5   459.0   495.3   547.8   781.9  2854.7  9108.7  35129.5    34929
read      334.5   422.8   160.7   196.6   207.9   294.1   342.1   369.8   392.5   421.9   464.0   533.2   787.9  4364.9 13871.4  69555.6    69735
read      471.3   932.1   160.7   193.5   204.8   352.7   435.8   497.0   555.8   632.6   721.2   865.6  2574.2 11068.8 32352.6  20762.5    20753
read      400.9   449.4   148.8   204.1   217.6   316.3   369.1   402.5   432.4   471.8   542.0   868.7  1863.8  5433.2 14597.4  84570.9    84642
read      346.4   423.2   160.7   196.6   208.1   303.2   362.6   399.0   426.3   457.5   496.4   556.4   799.3  4919.7 23513.5  42419.6    42333
read      354.3   248.8   160.7   202.0   213.5   312.3   369.5   402.5   429.5   463.5   510.5   593.3  1047.1  3800.8  6444.4  61618.5    61587
read      333.6   260.6   160.7   199.7   211.2   299.6   348.9   377.4   400.5   430.4   471.5   540.2   773.9  2725.2  7298.1  77914.9    77998
read      349.4   400.0   160.7   202.9   215.1   307.4   355.5   383.8   404.6   433.3   471.2   539.9   814.4  5891.5 10828.2  97428.0    97625
read      448.7   717.1   160.7   195.4   207.4   352.0   438.1   492.0   540.6   609.6   695.1   830.8  2203.7  8522.1 31808.5  23873.1    23781
read      366.8   431.7   148.8   197.8   209.6   298.2   350.7   385.5   415.8   456.9   514.0   669.6  1544.5  4236.9 16732.4  66850.2    66723
read      440.0   985.6   160.7   197.8   209.1   312.2   401.5   448.9   480.8   517.2   576.4   767.3  2045.3 12549.6 32899.8  31152.7    31016
read      333.6   214.5   160.7   194.8   205.9   293.2   351.9   392.0   422.5   457.6   500.3   559.6   805.0  2208.8  6938.6  47549.8    47394
read      330.6   314.1   160.7   196.9   208.6   295.8   341.1   367.2   387.3   412.1   448.4   511.3   770.7  3672.7 10969.7  95139.6    95335
read      469.7  1312.9   160.7   215.2   235.6   317.8   354.7   374.7   392.4   413.4   445.9   550.0  4232.0 28358.5 32135.8   5277.1     5252
read      365.1   465.2   160.7   197.1   208.8   299.7   352.3   385.3   412.7   451.1   504.8   622.8  1486.9  6595.8 19003.6  65205.5    65908
read      430.0   702.0   160.7   195.1   207.5   352.1   420.2   464.6   500.7   543.0   597.5   688.8  2285.4  8495.9 31124.1  16906.9    16889
read      362.1   435.0   148.8   193.1   204.0   295.4   356.1   396.7   427.8   464.5   511.0   610.9  1375.5  4797.0 14312.0  42542.5    42912
read      336.5   294.4   148.8   199.9   211.9   303.4   350.6   377.7   398.8   425.8   463.1   527.2   747.9  3497.4  9442.5  99764.0    99898
read      478.0   836.2   160.7   193.6   205.4   348.9   445.4   507.7   569.4   645.7   736.8   887.9  2882.8 14073.6 30938.6  26419.3    26385
read      485.5   893.1   160.7   197.4   210.1   371.6   465.2   533.9   589.1   647.4   723.1   853.7  2711.0 10322.2 32373.9  22720.7    22616
read      372.1   502.8   160.7   199.0   210.6   302.1   362.9   403.3   435.8   475.0   527.6   636.3  1347.3  7431.7 25935.4  50498.5    50605
read      339.2   269.6   148.8   200.1   212.0   302.3   350.8   379.3   401.1   429.8   469.1   540.9   893.8  3309.8  7452.2  90434.9    90283
read      444.5   699.1   160.7   197.9   209.2   338.0   427.9   479.4   524.2   595.9   711.1   874.4  2064.4 10090.8 31158.9  26304.7    26273
read      355.9   514.1   148.8   196.4   207.9   296.1   350.3   387.7   417.3   453.5   498.3   570.8  1242.7  6740.4 28727.8  48557.1    48521
read      341.3   259.0   160.7   194.6   205.7   296.4   368.2   408.2   435.3   464.7   499.5   551.7   875.0  3012.7 11590.9  33908.4    34058
read      340.2   280.9   148.8   198.0   209.6   301.1   351.9   381.9   404.7   435.9   479.8   550.1   946.2  3606.6  8081.3  75518.5    75648
read      485.0  1051.6   148.8   198.0   210.0   356.2   434.1   489.3   539.7   603.5   680.0   816.7  2973.2 15987.1 35884.3  19568.0    19482
read      503.8  1176.0   160.7   199.9   212.9   368.1   455.6   514.8   555.4   597.2   650.3   754.5  3885.0 20514.9 37630.6  15260.0    15054
read      393.8   576.7   160.7   200.9   213.3   310.3   361.6   394.6   422.9   463.1   530.3   753.8  1788.9  7987.7 29540.4  75648.4    75754
read      484.7  1491.1   173.5   217.4   236.3   319.6   358.8   381.8   399.4   423.8   463.7   565.2  4603.2 30596.0 36605.7   5165.5     5187
read      520.2  1142.8   160.7   195.9   208.6   366.8   461.9   532.4   580.3   633.6   705.7   881.2  3669.8 11737.0 37214.2  17550.5    17656
read      428.3   488.9   160.7   206.4   221.3   331.4   374.8   405.0   433.6   475.8   565.2  1313.1  1987.8  4790.0 13874.5  96382.9    96343
read      341.8   237.6   148.8   195.8   207.1   293.8   363.8   407.0   437.7   470.8   508.3   566.3   873.0  2678.5  9576.2  36833.8    36665
read      343.1   271.9   160.7   203.4   215.3   306.9   357.8   388.0   410.9   440.2   481.9   548.8   837.0  3402.5 11760.5  85266.5    85269
read      397.1   583.2   160.7   199.2   210.3   309.4   395.1   442.0   473.2   507.6   563.2   743.8  1488.0  7365.3 28458.7  31681.8    31525
read      328.0   230.5   160.7   196.8   208.0   291.7   342.6   373.8   399.7   433.2   478.1   543.5   807.0  2124.7  7908.2  62055.3    61798
read      498.1  1292.3   160.7   196.5   209.9   353.7   421.4   463.5   493.9   528.2   573.5   670.7  3885.8 25389.7 35570.7  12244.7    12253
read      508.4  1084.8   160.7   192.0   203.3   359.8   464.5   542.8   608.5   678.2   762.8   912.8  3035.6 13394.4 35997.9  25706.9    25710
read      341.8   281.4   148.8   198.5   210.0   295.6   342.4   370.5   393.7   424.8   470.5   553.1  1331.3  3445.4  9004.6  80139.6    79937
read      450.7  1145.0   160.7   208.7   226.5   338.7   383.9   409.7   429.3   455.0   490.4   568.5  2891.1 25268.0 32516.9   7328.0     7271
read      540.9   562.6   160.7   210.8   229.3   343.3   413.0   512.1   645.4   933.2  1255.8  1613.0  2526.5  4651.0 12300.5  85718.9    85861
read      323.9   310.1   148.8   198.6   210.1   292.2   335.5   360.6   379.4   403.6   439.8   502.0   679.5  3393.7  8766.9  91460.4    91467
read      333.8   359.3   160.7   201.5   212.1   293.5   341.5   370.1   394.0   425.6   469.2   535.1   788.7  3182.1 16319.7  71898.5    72217
read      395.0   522.8   160.7   197.7   208.9   310.8   395.6   438.8   469.6   504.9   557.5   761.5  1670.5  6205.8 28370.9  31273.5    31080
read      332.3   218.0   148.8   199.8   211.1   297.0   345.0   373.1   396.4   426.5   467.4   535.9   880.0  2897.7  5431.9  76883.6    76878
read      342.5   273.9   160.7   202.5   213.7   305.8   356.3   385.6   407.4   435.5   476.0   542.8   804.5  3567.7  8011.5  84493.8    84584
read      459.6  1119.2   160.7   203.1   217.0   347.0   403.6   440.2   469.0   502.8   544.3   622.7  3402.7 11020.8 35640.3  12549.5    12492
read      388.0   511.7   160.7   199.8   211.4   299.9   357.6   399.1   434.4   481.4   544.5   780.1  1666.6  7268.8 15162.0  56718.5    57106
read      338.3   262.1   160.7   203.8   216.0   306.8   354.1   381.4   402.2   430.0   467.0   530.9   768.4  2752.3 11492.9  96075.6    96245
read      478.7  1552.5   160.7   210.6   230.0   326.0   366.8   391.3   409.4   433.8   471.0   570.8  4462.5 29168.6 55970.5   6898.2     6791
read      370.4   464.0   160.7   199.2   211.3   306.2   352.6   379.6   401.5   432.6   482.2   609.0  1691.1  4330.4 17446.7  90141.5    90728
read      417.8  1125.4   173.5   218.0   237.2   313.9   347.7   369.2   385.4   403.3   431.5   498.3  2978.4 24890.3 32103.5   5080.4     5151
read      386.7   442.5   148.8   200.9   212.8   309.1   361.4   394.6   423.0   462.5   530.2   770.4  1920.8  4402.8 11741.8  82404.7    82969
read      338.2   301.2   160.7   195.4   206.5   295.0   352.5   390.1   417.9   450.7   490.3   545.7   851.9  3259.5  9014.3  42640.0    42635
read      328.4   230.2   148.8   199.4   211.3   299.8   344.8   370.7   391.0   415.9   451.8   512.8   754.0  2914.1  5862.1  99099.6    99337
read      335.1   261.3   160.7   201.7   213.4   303.3   349.8   377.0   398.0   424.8   461.5   525.6   731.4  3689.2  6399.4  94885.5    95192
read      339.7   351.2   160.7   197.8   209.1   298.4   348.3   378.1   401.8   432.4   474.8   543.8   830.1  4779.3 10734.6  69390.2    69200
read      350.9   333.0   160.7   195.6   207.2   303.3   363.0   400.1   429.7   466.0   512.3   583.3  1038.9  4799.4 11305.3  49782.2    49459
read      407.6   604.4   160.7   193.4   204.4   315.1   402.5   448.3   481.0   524.9   611.2   809.2  1779.6  8336.4 30785.4  28870.5    29055
read      332.4   239.1   160.7   196.7   208.0   294.3   344.6   374.7   400.4   433.9   482.3   551.1   866.9  2817.3  9194.3  64371.6    64324
read      469.1  1416.5   173.5   214.9   234.3   322.5   361.2   381.8   396.5   416.1   446.2   524.1  3885.0 29471.5 32229.8   5776.4     5705
read      378.5   469.3   148.8   202.9   214.5   308.1   355.7   384.1   406.4   439.9   494.4   645.3  1730.7  5058.2 13852.6  84416.4    84816
read      440.4   587.2   160.7   195.3   206.9   340.9   425.0   477.2   529.1   615.2   715.8   856.7  2332.9  7027.5 17887.0  23824.0    23714
read      360.4   390.4   160.7   202.6   214.0   303.8   351.3   379.4   402.1   434.3   483.0   578.1  1578.9  5158.3 11775.3  74236.4    74116
read      496.1  1180.7   160.7   201.1   213.6   363.4   439.6   495.0   542.3   596.9   663.1   782.2  3028.7 12872.2 36353.9  20017.8    19948
read      371.3   467.1   160.7   196.7   208.1   297.2   363.5   410.3   445.5   487.3   540.9   685.9  1261.6  5468.2 13915.2  44294.2    44213
read      457.3   787.4   160.7   194.1   206.5   361.4   441.4   500.1   545.1   592.9   653.7   768.8  2602.4 10892.6 31443.2  19580.0    19454
read      491.5  1262.6   160.7   206.1   223.6   341.0   391.0   417.4   435.4   461.2   497.9   604.9  3678.4 22582.5 32216.1   7357.5     7190
read      395.3   584.6   148.8   195.6   207.1   302.4   366.4   410.9   447.0   492.2   556.7   809.1  1574.2  8621.7 28386.8  47632.4    47657
read      342.6   347.8   160.7   194.5   205.7   294.4   355.9   396.1   426.4   461.4   502.6   563.1   860.1  3265.1 11026.3  44263.6    44399
read      451.4  1275.8   160.7   208.3   225.9   324.5   367.6   391.1   407.7   428.6   458.7   535.7  3902.7 26792.3 37170.8   6608.0     6481
read      507.4  1700.7   173.5   211.7   232.2   325.5   366.3   388.3   403.2   425.5   458.2   552.6  4467.4 31337.4 43207.7   5775.3     5807
read      407.9   459.0   148.8   203.9   217.2   321.4   378.6   416.1   448.3   493.6   573.1   988.4  1814.4  3998.7 12573.8  82599.6    83137
read      451.5  1023.9   160.7   201.9   216.2   332.9   385.9   419.5   445.8   478.9   520.8   593.9  3182.8 13674.1 31898.0   9451.6     9580
read      376.9   523.6   160.7   196.3   207.9   304.3   371.8   414.9   446.8   485.4   537.2   691.4  1252.1  5599.0 31540.4  37182.2    37385
read      348.6   335.0   160.7   196.0   207.2   299.1   367.6   407.0   434.5   465.0   501.9   559.9   927.5  4274.7 12193.0  33775.6    33706
read      350.0   417.5   160.7   194.4   205.6   298.8   365.8   406.7   434.5   466.2   504.0   567.5   998.7  4623.5 11624.6  35064.7    35204
read      333.9   258.1   160.7   195.2   206.5   296.7   349.2   383.7   411.3   445.4   488.3   548.0   778.8  2850.4  7570.0  50298.5    50438
read      345.3   436.5   160.7   194.7   205.9   297.1   349.2   384.2   412.7   448.0   491.7   556.3  1021.0  6254.3 12708.4  48849.8    48878
read      345.7   308.7   160.7   194.9   206.3   300.1   358.9   396.0   424.7   458.8   500.3   569.3  1073.6  3300.1 15222.2  42530.2    42682
read      440.6   832.6   160.7   195.3   206.7   322.5   407.9   454.0   490.7   546.0   661.1   851.5  2334.1 10836.8 31311.7  27453.1    27416
read      342.1   248.8   160.7   198.5   210.1   305.4   357.5   388.3   412.5   444.0   488.7   564.2   920.3  3317.5  9357.4  64633.1    64424
read      342.7   367.9   160.7   198.7   210.3   301.6   354.3   385.1   408.5   438.7   481.8   549.9   822.3  5139.7 12055.0  64717.8    64364
read      445.5  1378.1   160.7   213.9   233.3   312.1   347.5   369.4   386.0   404.4   435.8   519.5  3462.9 30384.7 32310.3   5489.8     5481
read      446.4   573.4   160.7   198.1   210.2   336.4   425.5   481.8   532.6   624.1   750.4   930.5  2223.5  5463.3 28106.9  26187.3    26227
read      517.1  1036.5   160.7   194.5   207.0   354.4   460.4   542.2   607.4   679.2   772.2   929.4  3618.2 11731.1 31605.4  26689.1    26586
read      390.2   468.5   160.7   202.8   215.4   314.6   367.1   400.4   428.8   466.9   528.2   693.6  1953.0  5882.8 15118.0  86472.7    86286
read      427.6   522.2   160.7   192.9   203.9   338.0   425.4   477.9   527.1   606.2   712.3   856.9  1824.2  5196.9 30495.9  24492.0    24452
read      455.7   599.5   160.7   193.4   205.1   341.4   439.2   506.9   570.0   653.7   760.1   915.7  2694.7  6518.5 29680.8  26870.2    26832
read      483.2  1075.5   160.7   194.1   205.5   325.1   415.9   470.1   519.0   605.2   736.7   921.9  3197.9 18450.7 32213.5  29907.3    29795
read      367.8   436.1   160.7   194.9   206.4   301.3   364.5   406.2   440.6   482.4   539.1   683.0  1224.0  6003.3 12274.8  46072.7    46224
read      329.0   220.5   148.8   197.5   209.1   295.4   344.4   372.6   395.2   423.9   464.2   532.6   795.9  2493.2  8120.8  84410.5    84587
read      331.5   340.9   148.8   196.0   207.4   291.5   340.7   370.5   395.9   429.7   474.5   539.7   920.3  2660.2 11543.3  63452.0    63389
read      338.5   181.3   160.7   197.0   208.5   301.0   361.5   398.9   428.5   464.4   507.9   573.4   779.5  2097.8  7541.3  47060.0    46953
read      325.8   239.6   148.8   196.3   207.5   291.2   337.0   363.4   383.5   408.8   446.0   511.4   803.8  3384.8  7218.0  90365.5    90536
read      468.4  1028.8   148.8   196.0   209.0   343.1   407.1   450.6   484.4   522.7   571.4   699.5  3573.7 14947.5 35887.7  12574.5    12508
read      412.3   849.1   160.7   194.6   205.9   304.3   372.7   417.1   450.4   490.0   547.5   772.3  1875.6 11717.6 32084.5  38412.4    38491
read      332.6   199.2   160.7   199.2   211.0   301.0   347.9   374.7   396.3   423.2   460.8   528.2   848.7  2712.5  5587.7  97528.7    97806
read      392.3   628.6   160.7   196.0   208.4   332.9   388.2   423.9   453.7   489.1   530.4   593.4  1681.8  5243.4 31404.3  11833.1    11813
read      409.5   839.1   148.8   193.3   204.3   302.0   371.7   415.9   449.3   491.0   552.8   898.6  1732.6 10516.3 32007.4  39497.1    39665
read      350.1   349.3   160.7   197.1   208.7   303.8   359.2   392.4   418.6   452.3   497.2   571.0  1201.8  4787.6  9745.9  53370.5    53571
read      336.2   335.1   160.7   198.9   210.0   295.3   343.9   373.0   397.4   429.2   471.2   538.1   884.8  4603.3 15176.8  63093.1    63215
read      332.5   248.7   160.7   201.1   212.2   298.2   344.9   371.4   392.4   418.9   457.5   522.8   787.3  3221.3  8436.3  78976.0    78767
read      463.0  1177.2   160.7   208.2   223.8   331.4   380.4   409.4   432.2   461.0   499.3   592.5  3390.6 25392.3 32210.4   8525.8     8615
read      361.7   330.6   148.8   199.4   211.3   302.5   352.3   383.8   410.2   448.3   504.3   638.5  1472.6  4092.8 10551.0  67442.5    67903
read      469.9  1003.9   160.7   192.8   204.2   353.3   431.0   492.5   542.2   595.4   663.2   784.1  3151.2 11626.8 34442.9  16455.3    16398
read      356.1   374.2   160.7   195.8   207.1   295.2   349.1   386.1   416.8   456.7   508.4   611.9  1303.2  5307.4 13017.6  53470.9    53434
read      344.6   228.1   160.7   196.4   207.7   302.8   368.5   408.3   436.6   470.6   509.7   572.4   816.0  4034.2  7838.9  38130.5    38068
read      441.8   966.4   160.7   202.9   217.1   339.3   394.0   426.6   451.0   479.5   518.3   612.9  2782.6 11723.9 31972.6   9158.5     9130
read      354.6   282.3   160.7   199.2   210.8   300.5   351.5   383.5   409.0   444.3   496.8   608.0  1445.9  3179.6  8144.5  69031.6    69227
read      344.8   468.4   160.7   195.7   206.7   293.8   355.6   395.8   423.5   454.6   491.8   545.3   875.1  6380.4 30837.2  37462.9    37496
read      329.7   312.1   160.7   199.0   210.4   295.3   340.2   365.9   385.6   410.3   447.5   511.2   744.6  3714.0 10823.8  84078.5    83925
read      343.3   288.9   148.8   197.3   208.7   296.2   351.5   388.7   418.6   456.3   502.6   569.1   964.8  5150.1  6955.2  50963.6    51037
read      341.0   215.0   160.7   195.3   206.6   297.4   369.7   411.3   439.1   470.3   507.0   563.5   802.2  2656.7  8009.2  33794.2    33690
read      336.9   366.7   148.8   194.5   205.7   292.3   343.9   379.2   407.5   443.9   489.7   550.0   976.3  2958.1 12756.3  51515.3    51474
read      322.7   211.7   160.7   195.5   206.8   292.2   339.1   366.2   388.1   417.4   460.1   524.7   708.5  2229.5  7640.0  73860.4    73708
read      352.8   334.9   160.7   205.7   219.5   317.8   367.0   395.7   418.1   445.8   484.9   550.0   782.6  4040.5 11485.6  98498.2    98618
read      341.0   397.1   160.7   201.1   212.3   300.0   348.1   376.5   399.3   428.2   467.5   533.9   768.4  4382.6 12652.5  81932.4    81977
read      332.4   291.4   160.7   199.5   211.0   299.7   346.1   372.3   393.3   419.6   456.6   518.4   720.5  3558.6 11950.6  91465.5    91567
read      335.9   289.4   160.7   194.8   206.2   298.4   350.9   385.0   412.1   446.2   489.6   551.2   844.9  2808.2  8359.0  48358.2    48236
read      328.4   231.5   160.7   196.8   208.6   298.8   345.3   371.1   391.4   416.3   452.3   514.2   740.0  3318.6  7391.8  91977.1    91726
read      353.0   390.8   160.7   197.1   208.7   308.7   365.1   398.6   425.7   460.0   505.4   585.1   974.2  3981.8 12853.6  52563.3    52458
read      343.1   234.7   160.7   199.9   211.5   307.0   361.3   393.0   417.7   449.5   493.4   568.5   861.0  2816.5  6432.6  70446.2    70467
read      338.3   357.0   160.7   197.0   208.3   296.2   345.8   374.4   398.2   429.1   472.7   544.8   978.1  3851.5  8454.8  71185.1    71151
read      336.4   214.7   148.8   196.3   207.7   300.9   354.4   386.2   410.5   442.9   488.1   557.5   858.5  2653.7  7781.3  64992.0    65016
read      344.9   234.7   148.8   194.5   205.7   300.5   363.3   403.0   433.7   469.2   512.4   580.4   994.5  2912.0  8369.9  42118.9    42057
read      333.6   206.6   160.7   196.6   208.2   300.0   350.5   380.5   402.9   433.2   475.9   545.3   803.1  2748.1  7296.8  78965.8    78821
read      333.9   296.0   160.7   194.2   205.3   294.0   343.9   374.3   400.1   434.7   480.9   544.8   887.4  3188.9 10971.7  60777.5    60720
read      343.7   238.1   148.8   195.1   206.3   301.1   367.0   407.1   436.5   471.3   514.5   581.0   913.2  2340.7  8805.7  39840.7    39911
read      434.5   922.7   160.7   200.7   214.0   341.8   398.8   432.0   457.5   487.1   524.8   590.9  2986.3 11569.4 31353.4  10602.9    10628
read      369.9   484.8   160.7   197.1   209.2   302.1   352.2   383.0   408.1   445.0   499.5   640.8  1644.0  5999.2 25294.4  73724.4    73736
read      491.9  1345.7   160.7   210.0   227.5   332.6   381.4   408.9   429.8   457.6   498.1   643.6  3470.2 24599.6 37214.4   7372.7     7334
read      366.6   302.8   148.8   201.9   213.9   307.3   352.6   380.2   402.4   434.0   486.6   633.4  1678.3  3165.1  8720.1  91976.0    91868
read      342.3   346.8   160.7   202.9   214.6   300.1   348.1   376.8   400.1   430.6   473.7   544.2   845.4  4657.6 10823.6  76682.9    76670
read      481.9  1152.1   160.7   207.9   224.4   356.5   413.2   447.4   473.7   504.9   544.5   631.2  3659.8 12651.2 32225.8  10359.6    10405
read      496.3   936.5   160.7   197.5   210.6   368.3   474.0   547.1   607.1   671.2   744.4   867.6  3141.5 10683.5 32002.0  26191.6    26019
read      359.5   336.3   148.8   199.5   211.4   299.3   356.0   395.7   428.9   470.3   525.8   624.6  1306.8  3912.8 11877.8  55546.9    55530
read      430.3   649.3   160.7   197.0   209.3   326.3   414.1   462.3   497.7   545.9   649.3   814.9  2361.1  7614.1 29480.2  29594.2    29615
read      339.1   335.1   160.7   202.2   213.5   297.3   346.1   375.9   400.4   432.4   478.1   545.7   801.0  4196.3 10990.4  65858.5    66057
read      347.7   341.5   160.7   200.2   211.6   302.6   358.9   393.7   421.2   456.5   503.4   577.3   983.0  3613.5 11610.3  55204.7    55281
read      481.2   947.8   160.7   201.1   214.3   361.2   445.5   502.7   552.8   610.5   679.6   802.6  2694.5 12224.3 31943.2  21177.5    21177
read      368.4   354.9   160.7   201.3   213.0   303.0   350.1   377.6   401.4   435.0   490.7   639.4  1663.1  4293.6  8608.7  88183.6    88239
read      330.4   225.0   148.8   200.0   211.2   294.0   342.6   371.9   396.5   428.6   473.0   540.8   739.7  3005.8  7846.6  70425.8    70227
read      479.5   946.2   160.7   198.3   210.8   357.5   442.3   498.6   547.6   611.5   683.8   805.5  3076.4 12633.1 31992.6  23322.5    23421
read      416.5   451.6   160.7   205.0   218.7   322.5   368.2   397.8   424.0   461.2   530.9  1340.9  1863.4  5148.3 10882.9  97193.5    97104
read      454.9  1097.4   173.5   213.7   232.3   328.7   368.7   391.3   407.2   430.0   465.9   590.3  3306.0 11071.7 31839.9   6197.5     6235
read      366.1   360.8   160.7   199.0   210.6   307.0   365.2   401.7   432.2   472.5   530.4   636.1  1351.3  4157.8 11177.5  57753.8    58045
read      474.7   995.9   160.7   195.7   208.0   350.6   440.9   498.3   546.5   614.3   702.0   832.6  3002.2 13669.1 36881.4  23652.4    23729
read      354.0   373.2   160.7   195.4   206.6   291.2   356.6   403.9   438.5   477.6   521.5   587.3  1083.3  4980.1 11030.2  40941.1    40897
read      336.4   253.3   148.8   198.7   209.9   290.6   343.3   383.4   418.1   461.2   511.7   573.6   773.1  2743.1 11500.6  53173.5    53312
read      336.8   299.8   160.7   199.8   210.9   292.5   337.4   364.8   386.8   416.3   462.3   543.8  1176.8  4011.7  8887.3  87396.4    87262
read      329.8   193.2   160.7   202.7   213.6   296.8   345.9   376.4   400.7   432.1   476.2   545.7   711.8  2102.0  8118.5  81742.9    81836
read      319.3   157.9   160.7   200.0   211.0   293.9   340.5   367.6   388.4   413.8   449.8   508.1   656.3  1967.4  5651.1  91795.3    92274
read      334.3   199.1   160.7   198.0   209.5   303.3   362.7   398.2   425.3   457.4   497.0   554.3   686.3  1576.4  5995.9  47171.3    47252
read      325.6   199.8   148.8   200.7   211.8   295.4   345.0   374.0   396.8   425.2   464.2   526.8   687.2  1975.5  7570.6  75742.2    75747
read      321.9   171.9   148.8   199.8   211.0   293.6   340.8   368.9   391.3   419.3   458.2   519.6   668.1  2076.8  6654.3  80918.2    80994
read      317.9   164.6   148.8   202.9   214.1   294.5   337.3   362.6   381.6   404.3   438.2   497.8   629.4  2210.8  4709.4  98294.2    98224
read      384.9   615.7   173.5   225.1   242.7   347.6   390.0   412.4   428.8   449.1   474.7   528.1   991.3  5946.6 35949.1   7714.5     7737
read      370.3   255.4   160.7   207.0   220.6   328.2   394.6   437.0   469.2   507.2   551.6   627.4   949.4  1713.5  9639.4  37205.5    37514
read      387.8   349.8   160.7   219.6   237.2   356.4   408.9   436.7   458.4   483.7   516.9   575.4  1062.8  3924.3 15708.3  10663.3    10640
read      379.8   293.6   160.7   204.2   216.9   308.8   358.7   391.7   419.9   460.0   529.2   814.5  1719.7  2752.1  5211.7  90176.4    90490
read      319.3   162.4   148.8   200.7   211.7   293.4   339.7   366.7   387.1   411.8   446.9   504.0   661.1  2095.4  4438.5  92419.3    92514
read      320.9   185.3   160.7   200.6   211.7   294.7   340.9   367.6   388.2   413.5   448.8   504.2   655.5  2451.1  6392.7  89351.6    89245
read      325.5   178.3   160.7   198.8   209.9   295.7   347.0   376.6   400.1   429.7   468.3   528.8   675.7  2036.6  7649.6  73846.5    73823
read      335.8   210.5   160.7   197.5   208.8   298.6   359.7   397.6   427.0   460.9   500.5   556.8   726.2  1722.6  9305.0  46561.1    46565
read      399.1   446.1   160.7   198.6   211.4   356.1   429.9   473.6   508.3   551.0   603.9   680.1   998.6  5660.2 25074.6  21620.4    21419
read      381.3   411.6   160.7   201.5   212.8   309.4   364.0   399.4   430.4   474.2   542.6   732.1  1588.2  5199.9 14117.6  66893.8    66915
read      348.2   266.2   160.7   200.7   211.4   302.6   371.7   411.6   439.0   470.5   507.4   563.9   960.3  2710.2 10139.3  31811.6    31667
read      337.4   226.1   160.7   201.4   212.5   302.5   352.6   382.6   404.8   435.9   481.9   552.2   803.4  2918.5  8282.0  72375.6    72255
read      343.4   303.6   160.7   204.4   217.0   309.5   355.8   382.9   403.2   431.2   470.3   541.2   766.6  4339.9  9719.2  99657.5    99535
read      457.6   881.3   160.7   218.6   235.1   358.1   413.8   449.4   476.0   505.6   542.3   617.2  3628.6  9528.4 31907.8   9304.0     9226
read      368.7   318.0   160.7   206.3   219.2   310.4   363.0   396.0   424.1   463.1   521.1   637.2  1461.9  3681.2  9117.4  67652.7    67844
read      342.3   200.4   160.7   205.3   217.6   306.5   357.1   387.0   409.6   439.7   485.6   561.5   876.9  2847.5  5284.4  71741.5    71413
read      343.3   339.0   160.7   205.9   218.9   307.7   354.2   380.5   400.2   426.5   464.5   533.5   788.2  3582.5 10594.2  97280.4    97328
read      345.2   199.0   160.7   202.6   213.6   298.2   355.7   399.0   437.1   487.6   544.7   607.3   737.8  2618.2  6938.1  54826.2    55113
read      349.4   205.1   160.7   202.4   213.4   297.5   355.0   401.1   443.9   498.5   555.7   616.0   915.3  2718.8  5995.3  53865.5    53743
read      498.0  1056.5   160.7   222.7   239.2   379.3   459.0   506.4   543.8   587.0   639.0   742.3  3141.5 10412.8 37092.7  15282.2    15253
read      549.9   614.8   160.7   215.2   233.7   370.6   420.1   460.6   506.3   615.0  1453.3  1696.4  2717.8  6148.4 16300.8  90567.3    90605
read      365.3   235.3   160.7   206.1   219.4   322.8   404.8   444.5   469.9   498.2   530.9   578.3   835.4  2661.6  8116.9  25990.9    25767
read      330.9   192.9   160.7   202.9   213.8   298.3   345.4   373.7   396.2   424.4   464.1   532.8   736.5  2801.6  6580.5  93705.5    93458
read      334.0   256.8   160.7   203.2   214.4   299.6   346.5   374.3   397.1   426.4   467.7   537.5   698.4  3482.7  8844.6  95372.0    95080
read      340.1   382.7   160.7   203.8   215.1   297.7   344.9   373.9   398.1   429.3   474.4   550.3   757.8  3704.1 13651.0  88463.6    88399
read      334.4   264.0   160.7   203.4   214.9   299.7   346.9   374.5   397.5   427.4   469.6   542.8   724.3  3342.9  9759.0  95848.0    95681
read      370.5   344.4   148.8   204.3   215.7   307.3   396.9   450.3   485.0   520.1   557.0   605.5   883.6  6054.4 11643.5  32977.5    33003
read      347.8   266.4   148.8   205.3   218.5   310.5   361.0   391.6   415.9   447.7   493.1   566.7   796.3  3448.8  8291.2  98898.9    98809
read      345.4   206.3   160.7   204.2   216.1   303.7   358.2   394.4   425.0   466.4   523.5   593.1   803.2  2677.3  7851.4  64627.3    64610
read      347.0   243.2   148.8   201.3   212.5   299.4   357.0   399.7   436.4   481.5   532.8   591.2   799.8  2743.1  8108.7  51502.5    51183
read      363.9   264.5   160.7   207.8   220.5   338.1   409.6   442.8   463.3   485.9   510.1   550.1   763.9  2811.6 16543.7  20290.2    20194
read      375.5   383.9   173.5   232.3   252.1   342.6   373.6   390.7   401.5   417.4   435.4   478.8  1250.0  5563.0 12840.5   7558.9     7602
read      357.5   208.9   160.7   206.5   219.6   320.0   378.5   416.2   446.0   482.9   528.9   587.1   845.7  2414.7  7562.9  46469.5    46677
read      364.1   486.8   173.5   237.3   256.5   325.7   353.8   368.0   378.2   392.1   407.8   443.5   989.1  7499.7 16861.4   5621.1     5577
read      385.1   455.7   160.7   211.5   226.2   340.0   409.3   444.1   467.2   493.8   525.7   575.6   993.7  6811.8 24350.0  22923.6    23035
read      352.8   294.6   148.8   204.0   215.7   304.0   360.0   399.4   434.8   480.4   536.1   604.0   949.7  3222.1  7072.4  57567.3    57516
read      362.7   328.3   160.7   206.4   219.4   315.4   375.5   414.9   447.5   490.4   545.8   619.2   811.0  3705.5 10630.7  62966.5    62851
read      355.2   240.3   160.7   202.8   213.8   302.3   376.8   430.1   469.0   508.4   549.0   601.4   870.5  2590.5  8413.5  38468.0    38431
read      378.3   472.6   160.7   205.1   217.4   319.0   401.7   439.9   465.3   493.2   525.3   573.3  1212.7  6715.0 12397.0  25762.2    25729
read      376.8   361.9   160.7   210.1   223.7   345.5   411.2   441.6   462.3   486.3   514.7   563.6   873.4  4755.1 17330.1  19532.7    19443
read      358.8   251.8   160.7   209.5   222.8   334.6   398.6   428.3   448.3   469.4   496.5   536.6   709.7  2509.5 11208.6  19596.0    19461
read      352.4   239.7   160.7   202.3   213.3   302.3   368.9   414.6   449.7   489.4   533.6   588.6   886.2  3230.4  6208.0  41922.9    42341
read      374.2   585.3   160.7   241.5   258.7   330.9   362.3   378.2   390.1   402.0   422.3   458.3  1021.1  8337.6 21898.5   5738.5     5691
read      362.0   180.6   160.7   206.3   219.5   326.5   391.0   434.7   469.5   508.1   551.7   605.1   728.2  1789.1  5132.0  39922.2    40223
read      374.5   235.4   160.7   207.9   222.3   338.3   414.1   461.2   492.3   524.6   560.5   611.4   735.9  2082.3  9421.6  29834.2    29941
read      375.0   269.0   160.7   203.0   215.1   318.7   394.9   445.0   480.9   521.6   568.1   637.7  1130.4  3287.9  9035.4  41101.8    41162
read      353.4   289.2   160.7   199.1   210.4   296.3   365.6   417.3   456.1   498.2   543.1   601.7   898.4  4480.1  9323.1  43850.2    43863
read      357.4   243.6   160.7   203.4   214.6   329.6   402.7   434.6   454.8   475.9   501.4   541.9   738.7  2991.6  9062.2  20412.4    20318
read      327.3   272.5   148.8   198.6   209.7   289.7   334.2   361.2   382.6   411.5   456.3   529.9   779.3  3415.1  9656.9  93213.1    93421
read      333.3   233.0   148.8   196.3   207.6   288.2   345.1   390.1   425.1   466.1   510.9   566.6   719.0  2622.8  8923.2  48848.0    48578
read      346.8   331.3   160.7   197.0   208.5   292.7   360.7   408.1   441.5   477.5   516.7   569.8   847.3  3931.2 11067.3  40655.3    40595
read      359.7   289.2   160.7   207.9   221.3   339.8   397.5   423.6   440.9   461.2   487.2   529.2   721.7  3168.7 12611.9  17840.0    17677
read      335.2   412.9   148.8   197.8   208.8   290.0   338.8   369.8   395.5   429.8   480.9   553.0   817.8  3586.3 15461.9  78802.5    78948
read      371.3   340.7   173.5   228.7   245.3   348.8   387.0   405.2   419.4   433.7   455.6   491.0   901.4  5007.3 14332.6   9659.3     9703
read      379.5   430.1   160.7   232.2   249.6   351.9   393.7   413.8   427.0   441.9   462.5   495.7   732.9  6908.7 14605.4   9627.6     9686
read      389.1   482.8   173.5   241.3   259.8   354.3   392.2   410.5   424.2   438.4   461.0   497.4  1218.3  5178.3 29695.6   7956.4     7968
read      384.6   400.7   160.7   221.4   237.9   354.7   410.5   439.2   459.7   483.1   511.5   561.4   792.8  4836.3 15453.1  15840.0    15830
read      358.3   349.9   173.5   230.5   249.6   337.6   368.4   384.8   396.0   409.3   429.2   464.0   727.4  5237.0 14759.6   8268.0     8192
read      336.7   293.6   160.7   198.2   209.4   292.1   341.6   372.7   398.7   432.1   479.5   549.2   852.7  4186.8  9841.4  78970.9    79410
read      331.9   360.4   148.8   196.1   207.2   287.0   334.1   364.1   388.7   422.1   470.2   542.8   790.7  3665.2 12110.5  76548.0    76582
read      357.9   318.2   160.7   199.9   211.1   297.4   360.6   408.7   452.0   505.4   564.3   631.5   983.1  3349.5  9466.6  54684.4    54634
read      333.6   225.3   160.7   200.2   210.8   286.5   335.4   369.9   401.6   449.9   516.2   590.5   786.2  2957.0  6807.5  72501.8    72177
read      378.1   474.3   160.7   216.2   230.0   358.6   415.0   441.1   456.7   472.5   496.0   530.0   634.7  4700.8 20373.6  15130.9    15101
read      367.7   294.1   173.5   235.3   254.8   357.6   394.3   411.9   423.9   435.9   456.2   484.3   548.3  4428.9 10045.6   8265.8     8167
read      355.6   185.4   160.7   203.9   215.5   317.1   384.3   431.2   470.6   512.4   555.8   605.0   687.3  1363.2  5225.6  43851.3    44130
read      353.6   180.8   160.7   205.2   217.2   316.4   379.1   422.7   459.8   505.0   553.6   609.8   691.3  1453.2  7671.9  53273.8    53047
read      314.2   151.2   160.7   203.6   214.1   286.0   329.4   356.3   377.1   405.0   451.5   524.4   629.9  1460.9  6251.4  97281.5    97171
read      315.3   212.2   148.8   200.1   210.1   279.5   324.0   354.1   379.9   419.7   479.7   552.9   639.7  1422.0  8208.7  81305.1    81360
read      321.8   169.5   148.8   202.1   212.1   285.6   332.7   365.0   393.1   434.3   497.1   568.6   657.9  1300.0  7054.9  77496.7    77277
read      345.3   203.0   160.7   199.3   210.3   296.8   372.6   434.7   472.7   511.1   546.7   588.5   660.4  1503.6  9124.3  38454.5    38294
read      367.6   282.6   160.7   223.2   239.0   358.8   402.4   423.2   436.3   453.1   470.1   500.1   567.3  4520.9 12394.7  11233.8    11165
read      317.9   177.6   160.7   200.5   211.1   288.6   335.7   365.9   390.7   422.7   465.1   524.1   621.2  1427.5  8347.6  74035.3    74155
read      338.7   220.6   160.7   212.9   227.1   334.6   372.8   390.9   402.3   417.4   433.6   461.7   527.5  1365.2  9253.7  12232.0    12255
read      327.6   155.2   160.7   200.8   211.7   297.7   354.3   390.3   418.2   450.9   489.2   537.6   617.0  1072.6  7752.1  52437.1    52404
read      343.4   212.1   160.7   207.4   221.1   333.7   386.6   409.1   424.1   440.0   460.8   490.9   549.1  3039.7  8516.4  17026.9    17057
read      331.1   257.8   160.7   229.2   248.6   313.6   338.2   351.6   361.1   370.6   385.6   404.9   487.8  4001.2 11371.4   6048.7     6005
read      320.7   163.7   160.7   200.1   211.0   294.4   343.6   372.1   394.7   422.6   459.2   512.7   636.5  1826.0  6719.0  85466.9    85707
read      311.0   137.5   148.8   197.0   208.2   286.6   333.2   360.4   381.3   408.6   447.4   501.4   601.5  1367.0  5403.9  79929.5    79742
read      322.3   210.8   148.8   196.2   207.4   287.3   339.2   373.0   401.8   440.1   485.2   539.9   631.7  1888.0  7246.0  58471.6    58322
read      339.6   210.5   148.8   197.6   209.1   304.3   389.3   426.5   450.1   474.5   501.6   538.8   620.7  1072.1 11454.6  26464.7    26212
read      318.0   147.3   160.7   198.9   209.9   286.1   333.9   365.1   391.5   428.5   479.4   542.3   632.1  1309.8  5978.5  69354.9    69487
read      339.8   233.0   160.7   197.1   208.6   297.7   384.0   427.5   453.1   478.5   506.2   545.3   628.7  1969.3 11613.2  29714.2    29507
read      324.6   172.6   148.8   197.2   208.3   287.7   344.1   384.6   417.6   455.0   495.8   545.1   636.2  1580.3  5503.1  51552.0    51412
read      318.0   161.3   148.8   198.1   209.2   285.9   334.8   365.9   392.3   427.2   471.5   530.4   627.4  1952.9  6153.4  67277.8    67374
read      318.9   152.4   148.8   195.4   206.6   286.0   338.9   374.7   406.4   444.3   485.7   535.7   621.9  1243.8  5808.3  55198.5    55125
read      322.8   173.0   148.8   198.7   209.5   285.9   339.9   380.5   415.0   455.0   497.7   547.4   627.6   979.8  7674.8  53169.5    53048
read      355.2   248.2   160.7   215.2   229.5   349.9   391.5   411.1   425.0   440.0   460.9   490.3   546.5  3104.6 11687.5  12024.0    12192
read      342.3   202.3   148.8   197.7   209.0   299.1   376.9   427.7   462.2   496.8   532.9   577.0   654.5  1217.0 11967.6  36073.5    36138
read      336.9   193.6   148.8   202.1   213.0   296.4   352.5   391.8   425.7   469.7   522.2   583.3   720.8  1420.5  6815.1  60989.1    60799
read      339.1   229.0   160.7   200.5   211.4   299.7   375.0   421.1   450.5   480.0   511.1   549.6   632.5  1260.0 10256.4  36348.7    36368
read      336.3   190.4   148.8   200.4   211.5   295.7   366.6   413.7   445.5   478.5   512.0   554.6   632.8  1353.3  8404.1  39873.8    39729
read      308.8   141.6   148.8   201.7   212.2   285.6   327.2   351.9   370.9   395.6   430.1   488.7   590.9  1664.2  4616.0  95725.5    95693
read      339.4   165.2   148.8   200.4   211.9   299.6   371.1   418.8   451.9   486.0   522.3   568.7   658.9  1082.8  5860.7  40999.6    40999
read      318.7   187.0   160.7   198.5   209.6   287.7   337.8   370.3   397.3   432.4   476.0   530.8   623.2  1327.4  7005.9  65090.9    65037
read      344.5   193.5   160.7   208.6   223.3   344.6   382.8   400.5   413.5   427.7   446.0   471.7   548.7  1833.0  7850.4  12650.5    12633
read      330.6   173.1   148.8   198.4   209.7   295.1   356.0   396.9   427.8   462.7   501.6   548.4   664.0  1292.1  7723.4  50030.5    50117
read      333.6   223.2   160.7   202.4   213.4   300.1   355.4   389.7   416.4   450.3   491.5   546.7   678.6  1849.0  8111.0  62497.8    62765
read      347.1   217.6   160.7   207.2   221.2   340.8   380.3   398.4   411.3   425.9   443.8   471.4   574.0  2758.2  9357.1  12319.6    12379
read      332.6   190.1   148.8   199.4   210.6   297.7   357.3   396.4   426.1   459.6   497.3   545.7   656.1  2215.4  4970.3  49118.2    49369
read      337.9   197.3   148.8   199.1   210.2   301.6   369.0   411.7   440.5   469.0   502.1   545.7   652.6  2433.0  7731.1  39155.6    39111
read      325.9   171.8   148.8   198.7   209.7   291.4   347.6   387.3   417.7   452.9   491.8   538.9   627.9  1789.8  6262.7  52683.6    52692
read      338.8   165.5   148.8   200.6   212.0   312.7   388.6   420.4   439.8   461.1   486.1   520.0   593.8  2050.5  7706.0  24538.2    24539
read      320.9   160.6   160.7   199.4   210.2   290.1   340.0   371.9   399.2   433.9   478.0   532.9   624.7  1370.0  6221.9  61816.4    61591
read      353.4   617.5   148.8   198.3   209.7   299.5   367.6   413.7   448.4   486.8   533.0   624.6  1025.4  2087.8  8240.2  48088.7    47864
read      385.6   238.0   160.7   202.7   215.3   359.0   435.9   481.6   510.5   539.9   574.4   623.0   734.6  3123.1  7220.6  16601.5    16479
read      416.2   293.0   148.8   203.9   217.6   317.6   395.6   457.0   516.5   618.6   776.4  1026.5  1439.0  1960.0  7214.7  75375.6    75268
read      365.2   223.2   160.7   212.8   229.9   354.0   399.5   423.4   439.4   460.4   486.5   527.1   615.8  2304.6  9728.6   8657.8     8714
read      393.9   351.4   160.7   208.0   224.0   366.6   432.4   471.5   498.0   527.4   562.6   617.8   746.6  4406.0 15561.9  13046.2    13002
read      415.5   311.8   148.8   203.7   217.4   313.7   389.7   448.4   504.2   599.2   769.1  1050.3  1519.7  2011.2  8067.7  77225.8    77147
read      418.0   251.0   148.8   200.2   212.6   334.0   447.3   522.0   584.2   660.9   754.0   900.0  1154.5  1455.3  5629.0  43594.5    43518
read      412.2   391.4   160.7   198.8   211.8   362.7   457.1   515.4   556.8   603.8   659.7   743.8   929.0  4358.6 12769.3  27125.1    27206
read      423.9   293.6   148.8   202.9   215.8   327.2   438.3   518.0   579.5   663.5   769.4   930.9  1279.4  1989.5  9608.3  55983.3    55859
read      429.7   294.2   148.8   204.4   217.8   364.4   473.4   540.1   593.8   657.3   731.7   846.6  1116.9  1667.9 10811.8  37362.5    37448
read      423.4   257.9   148.8   205.2   218.7   352.0   465.1   535.3   590.6   656.0   732.7   847.4  1094.6  1639.4  9543.4  45124.7    45026
read      701.0   614.0   160.7   278.3   298.1   364.4   474.1  1250.7  1420.5  1502.6  1577.9  1683.2  2553.6  3199.5 12076.1 100117.1    99974
read      466.1   395.4   160.7   207.9   222.6   329.3   416.8   502.0   583.5   704.3   916.7  1330.1  1739.1  2694.9 11983.3  64627.6    64632
read      423.1   257.3   160.7   206.9   220.6   351.3   458.5   526.6   583.0   649.5   727.6   850.3  1144.0  1632.5  4841.6  49138.5    49061
read      419.8   291.9   148.8   207.9   222.5   324.7   404.5   464.3   522.1   615.0   761.7  1016.8  1439.0  1993.8  7998.9  80592.0    80418
read      383.3   257.3   148.8   203.8   217.5   357.1   435.0   480.0   508.6   537.6   571.2   617.4   710.0  1484.3 11789.7  16630.9    16471
read      414.8   261.9   160.7   202.2   214.4   360.6   457.7   519.0   570.4   627.0   692.3   797.9  1030.4  1978.0  7983.0  35683.3    35694
read      383.5   290.4   160.7   205.3   218.8   364.8   431.1   468.3   492.6   518.1   546.1   588.3   688.7  3916.0 11239.2  13864.4    13935
read      413.0   301.9   148.8   203.2   216.2   313.9   394.3   453.4   510.4   611.5   763.3  1010.8  1462.0  2052.6  6985.8  79949.5    79838
read      423.0   374.5   160.7   208.9   222.4   338.4   430.9   503.3   556.9   625.9   730.6   886.1  1251.3  2370.1 12851.0   4375.3    48842

Total QPS = 50030.1 (48028900 / 960.0s)

Total connections = 64
Misses = 0 (0.0%)
Skipped TXs = 0 (0.0%)

RX 11863138053 bytes :   11.8 MB/s
TX          0 bytes :    0.0 MB/s
Warning! Detected max cpu usage > 95%
CPU Usage Stats (avg/min/max): 99.97%,46.43%,100.00%
