#type       avg     std     min      p5     p10     p50     p67     p75     p80     p85     p90     p95     p99    p999   p9999      QPS   target       ts_start         ts_end
read      262.0   200.6   148.8   182.3   191.1   240.1   268.7   288.0   303.3   322.1   345.5   376.8   457.7  2357.7  8978.2  29931.2    30000  1683793247386  1683793257541
read      267.0   221.4   148.8   182.7   191.5   242.3   273.2   294.7   312.1   332.6   357.2   391.0   477.4  2459.1 10796.8  30032.7    30005  1683793259049  1683793269173
read      270.2   219.7   137.8   182.5   191.9   248.2   281.0   301.6   317.4   336.1   358.3   390.1   471.9  2035.9 10524.1  30016.9    30010  1683793270682  1683793280791
read      264.4   181.6   148.8   183.5   192.1   242.2   271.9   292.1   308.5   328.2   352.1   385.5   471.6  1983.5  8244.4  30060.3    30015  1683793282300  1683793292409
read      267.6   202.3   137.8   182.2   191.3   244.6   276.1   297.4   314.7   334.7   358.8   392.5   477.8  2126.2  9462.9  30087.2    30020  1683793293919  1683793304043
read      267.5   209.3   148.8   183.1   192.3   246.3   276.7   296.7   312.7   331.2   353.9   386.0   466.0  2117.2  9520.6  29964.3    30025  1683793305557  1683793315666
read      269.1   201.9   148.8   182.7   192.2   247.6   278.9   299.2   315.2   333.8   356.3   388.2   469.8  2289.0  8602.3  30083.0    30030  1683793317176  1683793327287
read      268.6   218.0   148.8   182.9   191.9   245.7   276.6   297.5   314.3   333.3   356.0   388.2   473.9  2355.9  9138.3  30030.7    30035  1683793328796  1683793338907
read      270.7   189.5   148.8   183.1   192.5   250.2   282.9   303.2   318.5   337.3   359.5   390.8   470.4  2136.8  9236.9  30014.0    30040  1683793340414  1683793350524
read      264.6   182.8   137.8   181.5   190.8   242.5   272.9   293.6   310.2   329.7   353.5   387.4   467.3  2205.6  8487.4  30047.4    30045  1683793352035  1683793362141
read      269.5   225.9   137.8   183.0   192.5   246.9   277.5   297.7   314.5   333.8   357.5   391.2   474.1  2150.0 10237.7  30080.3    30050  1683793363648  1683793373755
read      272.4   193.7   148.8   183.5   193.1   251.1   284.3   305.5   320.7   339.7   362.8   395.2   480.0  2208.4  8081.8  29996.6    30055  1683793375263  1683793385372
read      268.8   208.1   137.8   181.9   191.4   247.3   278.7   299.3   315.5   334.7   358.0   390.2   470.4  2174.5  9578.0  30109.8    30060  1683793386880  1683793396989
read      268.8   203.2   148.8   183.4   192.7   246.8   277.3   297.3   313.7   332.6   355.7   388.4   470.4  2503.4  8971.9  30092.4    30065  1683793398504  1683793408612
read      268.4   204.0   137.8   182.3   191.9   247.4   278.7   298.9   314.9   333.6   356.0   387.4   466.1  2014.7  9637.8  30100.0    30070  1683793410123  1683793420236
read      264.9   211.4   148.8   180.7   190.3   242.8   272.9   293.4   309.6   328.6   351.8   384.0   462.8  2312.0  9835.3  30050.2    30075  1683793421746  1683793431855
read      262.4   203.1   148.8   181.2   190.0   238.8   269.5   290.5   307.5   327.6   351.3   384.4   467.4  1992.0  9357.0  30134.6    30080  1683793433364  1683793443481
read      268.3   185.6   148.8   182.4   192.1   246.7   278.0   298.9   315.7   335.3   359.2   392.8   479.0  2048.3  8320.3  30052.3    30085  1683793444994  1683793455105
read      268.5   219.2   148.8   184.6   193.5   246.5   275.6   295.6   311.5   329.9   352.9   385.3   463.2  2250.1  9565.9  30142.4    30090  1683793456613  1683793466724
read      261.5   177.4   137.8   179.7   189.1   241.5   271.5   291.1   306.3   324.0   345.5   375.7   452.8  2155.7  8077.2  30083.9    30095  1683793468233  1683793478337
read      269.0   209.4   137.8   182.3   192.0   248.8   280.1   299.5   314.6   332.5   354.6   386.3   464.4  2156.4  8943.1  30130.6    30100  1683793479844  1683793489949
read      266.7   263.2   137.8   182.3   191.3   241.5   271.0   291.0   306.9   325.9   349.4   383.2   466.8  3397.3 11956.1  30047.8    30105  1683793491458  1683793501571
read      265.6   229.3   148.8   182.2   191.0   241.3   271.3   291.9   308.3   327.7   351.3   384.2   470.8  2673.5 10819.1  30098.1    30110  1683793503082  1683793513193
read      267.4   249.0   148.8   180.7   190.0   241.5   273.2   294.8   311.7   331.5   355.4   388.0   471.6  3546.9 10371.0  30136.7    30115  1683793514700  1683793524813
read      264.6   181.5   148.8   182.1   191.3   244.0   273.7   294.0   310.0   328.5   350.5   380.9   455.7  2083.3  8025.0  30057.8    30120  1683793526324  1683793536440
