memcached process id: 8238
1684330886.2852204 0.0
1684330886.7860065 0.0
1684330887.2867851 0.0
1684330887.7875063 0.0
1684330888.2878058 0.0
1684330888.7882688 0.0
1684330889.2890399 2.0
1684330889.789764 2.0
1684330890.2906644 8.0
1684330890.7914205 8.0
1684330891.292191 8.0
1684330891.7929516 8.0
1684330892.2936945 8.0
1684330892.7945328 6.0
1684330893.2952874 10.0
1684330893.7960258 8.0
1684330894.2967753 8.0
1684330894.7975202 6.0
1684330895.2982945 0.0
1684330895.7990782 0.0
1684330896.2998312 0.0
1684330896.8005517 10.0
1684330897.3011718 14.0
1684330897.801899 16.0
1684330898.3027346 16.0
1684330898.8035297 14.0
1684330899.304305 18.0
1684330899.80507 16.0
1684330900.3058186 14.0
1684330900.8066728 16.0
1684330901.3074358 16.0
1684330901.808229 8.0
1684330902.3090472 0.0
1684330902.8098197 0.0
1684330903.3106065 0.0
1684330903.8114767 22.0
1684330904.312259 22.0
1684330904.8130455 22.0
1684330905.3137999 22.0
1684330905.8146317 22.0
1684330906.31551 24.0
1684330906.8162444 20.0
1684330907.317003 22.0
1684330907.8177242 22.0
1684330908.3185802 22.0
1684330908.8193629 4.0
1684330909.3201225 0.0
1684330909.8206303 0.0
1684330910.3213744 10.0
1684330910.8221164 28.0
1684330911.3229616 28.0
1684330911.8237603 26.0
1684330912.3245363 30.0
1684330912.8252678 28.0
1684330913.3260257 30.0
1684330913.8268168 30.0
1684330914.3276286 28.0
1684330914.8283522 28.0
1684330915.3291175 20.0
1684330915.8298447 0.0
1684330916.3306103 0.0
1684330916.831323 0.0
1684330917.3318279 26.0
1684330917.8325622 35.9
1684330918.3333232 35.9
1684330918.8340669 39.9
1684330919.3349085 33.9
1684330919.8356924 37.9
1684330920.336443 35.9
1684330920.8371723 37.9
1684330921.3379335 35.9
1684330921.8387244 37.9
1684330922.339498 14.0
1684330922.8402603 0.0
1684330923.3410249 0.0
1684330923.8417652 4.0
1684330924.3426464 41.9
1684330924.843491 43.9
1684330925.3443005 45.9
1684330925.8450904 37.9
1684330926.3458247 41.9
1684330926.8466687 43.9
1684330927.3475733 41.9
1684330927.848304 43.9
1684330928.3490684 39.9
1684330928.8497784 39.9
1684330929.350524 2.0
1684330929.8512695 0.0
1684330930.3520668 0.0
1684330930.8527951 26.0
1684330931.353532 49.9
1684330931.854267 49.9
1684330932.355226 47.9
1684330932.8560743 49.9
1684330933.356892 47.9
1684330933.8577247 51.9
1684330934.3585706 47.9
1684330934.8594062 47.9
1684330935.360257 49.9
1684330935.86103 24.0
1684330936.361812 0.0
1684330936.862555 0.0
1684330937.36333 0.0
1684330937.8637748 50.0
1684330938.3646324 49.9
1684330938.8649316 52.0
1684330939.365708 53.9
1684330939.8665166 45.9
1684330940.3673532 49.9
1684330940.8678436 46.0
1684330941.3686848 51.9
1684330941.8694165 47.9
1684330942.370199 49.9
1684330942.8709261 6.0
1684330943.3717506 0.0
1684330943.8724592 0.0
1684330944.3732018 22.0
1684330944.873902 59.9
1684330945.3747466 59.9
1684330945.8754914 57.9
1684330946.3763282 55.9
1684330946.8770738 57.9
1684330947.3778176 57.9
1684330947.8785737 55.9
1684330948.3794906 55.9
1684330948.879807 56.0
1684330949.380594 37.9
1684330949.8813205 0.0
1684330950.3821094 0.0
1684330950.8828216 0.0
1684330951.3836715 51.9
1684330951.884431 67.9
1684330952.3852904 65.9
1684330952.886045 63.9
1684330953.3868208 61.9
1684330953.8876193 63.9
1684330954.388446 59.9
1684330954.8892438 65.9
1684330955.39 61.9
1684330955.890769 61.9
1684330956.39162 12.0
1684330956.8923786 0.0
1684330957.393142 0.0
1684330957.8938947 18.0
1684330958.3947825 73.9
1684330958.895599 67.9
1684330959.3963807 65.9
1684330959.897142 65.9
1684330960.397892 67.9
1684330960.8987389 65.9
1684330961.3995893 67.9
1684330961.9003718 67.9
1684330962.40121 63.9
1684330962.9019802 49.9
1684330963.4027781 0.0
1684330963.903522 2.0
1684330964.4043047 0.0
1684330964.9051092 49.9
1684330965.4058578 71.9
1684330965.9067333 69.9
1684330966.4076111 73.9
1684330966.9084342 71.9
1684330967.40926 75.9
1684330967.9100165 73.9
1684330968.4108543 71.9
1684330968.9117022 75.9
1684330969.4125113 71.9
1684330969.9132469 26.0
1684330970.414017 0.0
1684330970.914746 0.0
1684330971.4156194 6.0
1684330971.9164193 79.9
1684330972.4172091 79.9
1684330972.9179351 81.9
1684330973.4187567 79.9
1684330973.9196463 81.9
1684330974.420463 79.9
1684330974.9212787 79.9
1684330975.4220366 81.9
1684330975.9227746 79.9
1684330976.423575 75.9
1684330976.9243295 0.0
1684330977.4251075 0.0
1684330977.9258583 0.0
1684330978.4267974 39.9
1684330978.9276314 83.9
1684330979.4284964 85.9
1684330979.929384 83.9
1684330980.4301991 85.8
1684330980.9310472 85.9
1684330981.4318612 85.8
1684330981.9326422 83.9
1684330982.4334579 83.9
1684330982.9343433 85.9
1684330983.4351451 45.9
1684330983.935922 0.0
1684330984.4367242 0.0
1684330984.9374454 0.0
1684330985.438347 83.9
1684330985.9392443 89.8
1684330986.4400728 89.9
1684330986.940842 89.9
1684330987.4416497 89.8
1684330987.9423769 87.9
1684330988.4431462 87.9
1684330988.9438715 89.9
1684330989.4447157 87.9
1684330989.9455702 89.9
1684330990.446323 8.0
1684330990.9471087 0.0
1684330991.4477904 0.0
1684330991.9485734 32.0
1684330992.4494789 93.8
1684330992.9502904 97.8
1684330993.4511068 97.8
1684330993.9519165 91.9
1684330994.4527605 97.8
1684330994.953654 91.9
1684330995.4545722 97.8
1684330995.9553301 95.8
1684330996.4562874 93.8
1684330996.9570525 61.9
1684330997.4578266 0.0
1684330997.958592 0.0
1684330998.459369 2.0
1684330998.9601557 73.9
1684330999.4610405 99.8
1684330999.9618266 97.8
1684331000.4626906 99.8
1684331000.9635031 99.8
1684331001.4643042 99.8
1684331001.9650452 95.9
1684331002.4655204 101.9
1684331002.9663758 99.8
1684331003.4672568 97.8
1684331003.9680328 24.0
1684331004.4687684 0.0
1684331004.9695115 0.0
1684331005.470371 18.0
1684331005.9712577 99.8
1684331006.472106 99.8
1684331006.972925 99.8
1684331007.4737663 97.8
1684331007.9746268 101.8
1684331008.4754293 97.8
1684331008.9758418 99.9
1684331009.4767418 101.8
1684331009.9775584 97.8
1684331010.4782915 83.9
1684331010.9785898 0.0
1684331011.4793475 0.0
1684331011.980101 0.0
1684331012.4804847 62.0
1684331012.9812884 99.9
1684331013.4821804 99.8
1684331013.983027 99.8
1684331014.4834483 99.9
1684331014.984287 99.8
1684331015.4850993 97.8
1684331015.9859116 101.8
1684331016.486792 99.8
1684331016.9876683 97.8
1684331017.4884686 37.9
1684331017.9892216 0.0
1684331018.4900367 0.0
1684331018.9908626 10.0
1684331019.49173 97.8
1684331019.9926019 99.8
1684331020.4935274 99.8
1684331020.9943283 99.8
1684331021.4947772 99.9
1684331021.9956408 101.8
1684331022.496493 97.8
1684331022.9973555 99.8
1684331023.4982162 99.8
1684331023.9989543 91.9
1684331024.499759 2.0
1684331025.0005035 0.0
1684331025.501274 0.0
1684331026.0020783 45.9
1684331026.5028644 101.8
1684331027.0036752 97.9
1684331027.5044615 99.8
1684331028.0053918 99.8
1684331028.5062904 99.8
1684331029.0071342 97.8
1684331029.5079348 101.8
1684331030.0087655 97.8
1684331030.5095801 99.8
1684331031.0103457 51.9
1684331031.511098 0.0
1684331032.0118756 0.0
1684331032.5126324 2.0
1684331033.0134602 89.9
1684331033.514279 101.8
1684331034.0151472 97.8
1684331034.515946 101.8
1684331035.0162952 99.9
1684331035.5171103 97.9
1684331036.0179574 99.8
1684331036.5187664 101.8
1684331037.0196466 97.8
1684331037.5204327 99.8
1684331038.0212624 10.0
1684331038.5220044 0.0
1684331039.0227423 0.0
1684331039.523586 35.9
1684331040.024501 101.8
1684331040.525116 99.9
1684331041.0259328 99.8
1684331041.5267842 99.8
1684331042.027655 97.8
1684331042.5284586 99.8
1684331043.0291905 99.8
1684331043.5300405 99.9
1684331044.030966 101.8
1684331044.531762 59.9
1684331045.0325198 0.0
1684331045.5332894 0.0
1684331046.0340617 2.0
1684331046.5348673 77.9
1684331047.0358806 99.8
1684331047.5366747 99.9
1684331048.0375168 99.8
1684331048.5382802 99.9
1684331049.039198 99.8
1684331049.5400198 99.8
1684331050.0408902 99.8
1684331050.5417209 99.8
1684331051.0425818 99.8
1684331051.5433183 22.0
1684331052.0440826 0.0
1684331052.544846 0.0
1684331053.0456314 24.0
1684331053.5464823 99.9
1684331054.0473778 99.8
1684331054.5481703 97.8
1684331055.049025 99.8
1684331055.5498471 99.8
1684331056.0506918 101.8
1684331056.5515666 99.8
1684331057.0524457 97.8
1684331057.5532732 101.8
1684331058.0540464 75.9
1684331058.5548391 0.0
1684331059.0556767 0.0
1684331059.5563998 0.0
1684331060.0571802 0.0
1684331060.558076 0.0
1684331061.0588531 0.0
1684331061.5595975 0.0
1684331062.0601633 0.0
1684331062.5609558 0.0
1684331063.0617375 0.0
1684331063.5624776 0.0
1684331064.063261 0.0
1684331064.5640392 0.0
1684331065.0648115 0.0
1684331065.5656073 0.0
1684331066.0663433 0.0
1684331066.5671294 0.0
1684331067.0678508 0.0
1684331067.5686119 0.0
1684331068.0693774 0.0
1684331068.5703337 0.0
1684331069.0711076 0.0
1684331069.5718613 0.0
1684331070.0726619 2.0
1684331070.5734375 0.0
1684331071.0741863 0.0
1684331071.574949 0.0
1684331072.0757174 0.0
1684331072.5764682 0.0
1684331073.0772104 0.0
1684331073.577943 0.0
1684331074.0787117 0.0
1684331074.5794866 0.0
1684331075.0798316 0.0
1684331075.5805776 0.0
1684331076.0813327 0.0
1684331076.5821018 0.0
1684331077.0828736 0.0
1684331077.583692 0.0
1684331078.0844498 0.0
1684331078.585207 0.0
1684331079.0859919 0.0
1684331079.586764 0.0
1684331080.0875285 0.0
1684331080.5883138 0.0
1684331081.0891256 0.0
1684331081.5899339 0.0
1684331082.0907464 0.0
1684331082.5915153 0.0
1684331083.0923367 0.0
1684331083.593083 0.0
1684331084.093874 0.0
1684331084.5946481 0.0
1684331085.0954373 0.0
1684331085.5962014 0.0
1684331086.0970023 0.0
1684331086.597774 0.0
1684331087.0985856 0.0
1684331087.599369 0.0
1684331088.1001818 0.0
1684331088.6009424 0.0
1684331089.1017165 0.0
1684331089.6025348 0.0
1684331090.1033518 0.0
1684331090.6041102 0.0
1684331091.104869 0.0
1684331091.6056213 0.0
1684331092.1064274 0.0
1684331092.6072888 0.0
1684331093.1081147 0.0
1684331093.6088696 0.0
1684331094.1096878 0.0
1684331094.610484 0.0
1684331095.1113226 0.0
1684331095.612124 0.0
1684331096.112928 0.0
1684331096.6136901 0.0
1684331097.1144052 0.0
1684331097.6151667 0.0
1684331098.1160047 0.0
1684331098.6167388 0.0
1684331099.1175225 0.0
1684331099.618259 0.0
1684331100.1190443 0.0
1684331100.6197777 0.0
1684331101.120568 0.0
1684331101.621319 0.0
1684331102.1221535 0.0
1684331102.6229355 0.0
1684331103.1237953 0.0
1684331103.62458 0.0
1684331104.1253974 0.0
