memcached process id: 8238
1684331522.479261 0.0
1684331522.9800117 0.0
1684331523.4807405 0.0
1684331523.98152 0.0
1684331524.4822702 2.0
1684331524.9830096 0.0
1684331525.483773 0.0
1684331525.9844997 2.0
1684331526.485267 10.0
1684331526.986002 10.0
1684331527.4868155 12.0
1684331527.9875987 10.0
1684331528.4883778 10.0
1684331528.9891324 12.0
1684331529.4898732 10.0
1684331529.9906607 10.0
1684331530.4914355 12.0
1684331530.9917555 8.0
1684331531.4925106 4.0
1684331531.993248 0.0
1684331532.4939992 0.0
1684331532.994782 6.0
1684331533.4955792 18.0
1684331533.996309 16.0
1684331534.497076 16.0
1684331534.9978158 18.0
1684331535.4986715 20.0
1684331535.9994707 18.0
1684331536.5002406 18.0
1684331537.0006297 18.0
1684331537.5013878 18.0
1684331538.0021667 12.0
1684331538.5029333 0.0
1684331539.0037744 2.0
1684331539.5045097 0.0
1684331540.0052648 22.0
1684331540.5060086 24.0
1684331541.0068214 24.0
1684331541.5075943 26.0
1684331542.0083416 26.0
1684331542.5090852 24.0
1684331543.009848 24.0
1684331543.5107362 26.0
1684331544.0116084 25.9
1684331544.5123541 26.0
1684331545.0131621 8.0
1684331545.5139275 0.0
1684331546.0147128 0.0
1684331546.5155199 10.0
1684331547.0163198 31.9
1684331547.5170603 34.0
1684331548.0178168 32.0
1684331548.518699 34.0
1684331549.0196009 35.9
1684331549.5203655 29.9
1684331550.0211372 33.9
1684331550.521847 34.0
1684331551.0226848 33.9
1684331551.5234208 28.0
1684331552.0242338 0.0
1684331552.5249891 0.0
1684331553.0258803 0.0
1684331553.5267117 26.0
1684331554.0276635 43.9
1684331554.528398 39.9
1684331555.0291483 41.9
1684331555.5298753 39.9
1684331556.0308375 39.9
1684331556.5317612 41.9
1684331557.032495 43.9
1684331557.532921 46.0
1684331558.0336452 41.9
1684331558.534428 22.0
1684331559.0352283 0.0
1684331559.5359693 0.0
1684331560.0367079 2.0
1684331560.537431 47.9
1684331561.0381796 53.9
1684331561.539123 51.9
1684331562.039904 51.9
1684331562.54066 53.9
1684331563.0413847 51.9
1684331563.5421207 51.9
1684331564.0429537 53.9
1684331564.5440705 51.9
1684331565.0448158 55.9
1684331565.545627 2.0
1684331566.046424 0.0
1684331566.5471911 0.0
1684331567.0480325 28.0
1684331567.548771 55.9
1684331568.049514 59.9
1684331568.5502448 59.9
1684331569.0512304 55.9
1684331569.552056 57.9
1684331570.052811 57.9
1684331570.5535269 59.9
1684331571.0542665 57.9
1684331571.555193 57.9
1684331572.0562212 33.9
1684331572.55698 0.0
1684331573.0577695 0.0
1684331573.5585203 0.0
1684331574.0594053 55.9
1684331574.5601804 67.9
1684331575.061 67.9
1684331575.5617425 63.9
1684331576.0626051 71.9
1684331576.5635026 71.9
1684331577.0643759 67.9
1684331577.5651314 67.9
1684331578.0658636 69.9
1684331578.566699 67.9
1684331579.0674622 12.0
1684331579.5682502 0.0
1684331580.069017 0.0
1684331580.569799 22.0
1684331581.0705576 77.9
1684331581.5713732 77.9
1684331582.0722597 77.9
1684331582.5730674 79.9
1684331583.0738049 77.9
1684331583.5746722 81.9
1684331584.0756779 77.8
1684331584.5764968 75.9
1684331585.0772378 77.9
1684331585.5779572 59.9
1684331586.0787106 0.0
1684331586.5794814 0.0
1684331587.080221 0.0
1684331587.581097 59.9
1684331588.0818343 85.8
1684331588.5826507 85.9
1684331589.0837018 79.8
1684331589.5844758 83.8
1684331590.0852678 79.9
1684331590.586014 81.9
1684331591.0868669 81.9
1684331591.587701 79.9
1684331592.088531 79.9
1684331592.5892737 26.0
1684331593.090066 2.0
1684331593.5908267 0.0
1684331594.091785 10.0
1684331594.5926304 91.8
1684331595.093416 93.8
1684331595.594177 93.9
1684331596.0950577 83.9
1684331596.5959995 89.8
1684331597.0968356 87.8
1684331597.5975552 81.9
1684331598.098309 83.9
1684331598.599169 85.9
1684331599.0999298 77.9
1684331599.600702 0.0
1684331600.101501 0.0
1684331600.6022353 0.0
1684331601.1032271 59.9
1684331601.6042778 97.8
1684331602.1050665 99.8
1684331602.605851 103.8
1684331603.1067832 97.8
1684331603.6076128 93.8
1684331604.1084461 97.8
1684331604.609204 91.9
1684331605.109944 89.9
1684331605.6108356 91.9
1684331606.1116903 39.9
1684331606.6124744 0.0
1684331607.113232 0.0
1684331607.6139622 2.0
1684331608.1148098 107.8
1684331608.6156373 99.8
1684331609.1165102 97.8
1684331609.6173007 99.8
1684331610.118122 97.8
1684331610.6190188 103.8
1684331611.1198897 101.8
1684331611.6206672 103.8
1684331612.1214387 99.8
1684331612.6221743 99.9
1684331613.1229632 4.0
1684331613.6237376 0.0
1684331614.1244886 0.0
1684331614.6252701 45.9
1684331615.1260643 111.8
1684331615.6268713 109.8
1684331616.1278052 107.8
1684331616.6286414 107.8
1684331617.129479 105.8
1684331617.6302314 107.8
1684331618.131127 107.8
1684331618.6320822 111.8
1684331619.132852 111.8
1684331619.6336076 61.9
1684331620.1344118 0.0
1684331620.6352255 0.0
1684331621.135999 2.0
1684331621.6368592 101.9
1684331622.1376512 117.8
1684331622.6383774 115.8
1684331623.1392722 123.8
1684331623.6401293 111.8
1684331624.1408918 117.8
1684331624.6416447 113.8
1684331625.1424148 117.8
1684331625.6432896 113.8
1684331626.1441486 117.8
1684331626.6449142 18.0
1684331627.1456625 0.0
1684331627.6464217 0.0
1684331628.1474295 33.9
1684331628.6482487 123.8
1684331629.1490595 125.8
1684331629.649815 125.8
1684331630.1507237 123.8
1684331630.6515582 125.8
1684331631.1523974 121.8
1684331631.653276 119.8
1684331632.1540582 123.8
1684331632.654876 125.8
1684331633.155689 91.8
1684331633.656429 2.0
1684331634.157242 0.0
1684331634.6579692 0.0
1684331635.1587958 93.8
1684331635.659666 131.8
1684331636.1604686 127.8
1684331636.6612227 129.8
1684331637.162045 129.8
1684331637.6628318 131.8
1684331638.1637387 127.8
1684331638.6646428 133.8
1684331639.1655173 133.7
1684331639.6662567 137.8
1684331640.167044 39.9
1684331640.667777 0.0
1684331641.1685624 0.0
1684331641.6694605 20.0
1684331642.1702483 141.7
1684331642.6710887 141.8
1684331643.171873 135.8
1684331643.6723788 133.9
1684331644.1732867 141.7
1684331644.6740088 131.8
1684331645.1748364 135.8
1684331645.6757102 131.8
1684331646.1766431 141.7
1684331646.677401 119.8
1684331647.1781795 2.0
1684331647.6789083 0.0
1684331648.179706 0.0
1684331648.680699 83.9
1684331649.1810732 149.9
1684331649.6818447 143.8
1684331650.1827703 139.7
1684331650.6836228 145.8
1684331651.1844134 149.8
1684331651.6852486 147.8
1684331652.186023 147.7
1684331652.686867 145.8
1684331653.1876416 149.8
1684331653.6883783 67.9
1684331654.1891546 0.0
1684331654.6898913 0.0
1684331655.1906178 2.0
1684331655.6915 143.8
1684331656.1918447 153.9
1684331656.6926987 151.8
1684331657.193589 147.7
1684331657.6943495 145.8
1684331658.1951985 153.7
1684331658.6958082 157.8
1684331659.1966875 155.7
1684331659.6974726 157.8
1684331660.198266 151.7
1684331660.698994 6.0
1684331661.1997864 0.0
1684331661.7005758 0.0
1684331662.2014143 63.9
1684331662.7023332 159.8
1684331663.203331 159.7
1684331663.704167 157.7
1684331664.205147 157.7
1684331664.7054422 153.9
1684331665.2063563 145.7
1684331665.707236 151.7
1684331666.2079015 151.8
1684331666.7087815 145.8
1684331667.2095394 95.8
1684331667.7102911 0.0
1684331668.211088 0.0
1684331668.7118216 2.0
1684331669.212706 135.8
1684331669.713557 161.7
1684331670.2145648 163.7
1684331670.7154255 173.7
1684331671.2160423 167.8
1684331671.716937 169.7
1684331672.2178583 173.7
1684331672.718816 169.7
1684331673.2197027 163.7
1684331673.7206378 163.7
1684331674.2214015 27.9
1684331674.7221687 0.0
1684331675.2229154 0.0
1684331675.7237225 45.9
1684331676.2246788 161.7
1684331676.7254748 171.7
1684331677.2262952 163.7
1684331677.7271063 171.7
1684331678.2280364 169.7
1684331678.7288713 173.7
1684331679.2298825 169.7
1684331679.7307184 161.7
1684331680.2316728 159.7
1684331680.7324498 113.8
1684331681.233217 0.0
1684331681.7339919 0.0
1684331682.2347507 0.0
1684331682.7357326 129.8
1684331683.2366197 179.6
1684331683.7375524 183.7
1684331684.2383938 173.6
1684331684.7391906 169.7
1684331685.2400606 179.7
1684331685.740896 173.7
1684331686.2417119 173.7
1684331686.7427657 169.7
1684331687.2436419 169.6
1684331687.7443955 53.9
1684331688.2452075 0.0
1684331688.7459853 0.0
1684331689.2468314 31.9
1684331689.747719 189.7
1684331690.2485938 193.6
1684331690.7494051 191.7
1684331691.2502897 189.7
1684331691.7511575 193.7
1684331692.2520244 191.6
1684331692.7528121 187.7
1684331693.2537005 185.7
1684331693.7545648 185.7
1684331694.2555704 167.6
1684331694.7563157 0.0
1684331695.2570732 0.0
1684331695.7578378 0.0
1684331696.258612 0.0
1684331696.7593622 0.0
1684331697.2601304 0.0
1684331697.760868 0.0
1684331698.2616158 0.0
1684331698.7623637 0.0
1684331699.2631397 0.0
1684331699.763902 0.0
1684331700.2647138 0.0
1684331700.7655199 0.0
1684331701.2663848 0.0
1684331701.7671504 0.0
1684331702.2679348 0.0
1684331702.7686834 0.0
1684331703.269428 0.0
1684331703.7702258 0.0
