#type       avg     std     min      p5     p10     p50     p67     p75     p80     p85     p90     p95     p99    p999   p9999      QPS   target       ts_start         ts_end
read      272.9   199.5   148.8   189.7   200.1   255.6   281.4   296.1   308.9   323.1   344.9   383.4   488.8  2230.1  8395.3  30065.8    30000  1683731924930  1683731935135
read      273.6   214.0   148.8   191.1   201.1   255.5   282.9   298.4   311.5   326.4   346.6   383.4   472.9  2487.6  8763.0  30005.0    30005  1683731936647  1683731946793
read      273.8   207.4   148.8   191.3   201.8   256.6   283.2   298.1   310.9   325.4   346.3   385.3   481.7  2216.2  9725.1  30085.0    30010  1683731948302  1683731958409
read      272.2   431.7   148.8   189.9   199.1   253.0   279.9   295.6   308.9   323.8   345.8   382.6   468.6  2410.3  9022.6  30017.9    30015  1683731959918  1683731970025
read      273.9   433.1   148.8   189.7   198.9   255.4   283.0   298.6   311.8   326.9   347.2   383.8   483.0  2252.7 10778.1  29958.4    30020  1683731971536  1683731981642
read      268.0   202.2   148.8   189.7   198.4   249.8   275.4   291.7   304.1   319.4   342.4   377.3   465.1  2158.8  8683.6  30079.7    30025  1683731983153  1683731993261
read      278.8   237.8   148.8   189.1   198.9   258.1   286.9   303.8   316.7   334.1   358.1   398.1   506.4  2892.3 10497.1  30023.5    30030  1683731994770  1683732004894
read      269.0   206.3   148.8   188.7   197.6   250.7   276.3   292.4   304.8   319.7   342.4   379.0   467.6  2462.6  8594.0  29919.7    30035  1683732006404  1683732016514
read      270.0   189.4   148.8   189.0   197.7   252.5   279.7   295.7   309.0   324.1   346.1   381.5   461.5  2063.4  8425.9  30108.2    30040  1683732018023  1683732028129
read      277.0   217.3   148.8   190.8   200.7   260.1   288.1   303.9   315.8   331.5   352.5   386.8   465.0  2479.0  9663.9  29980.6    30045  1683732029640  1683732039744
read      277.9   207.8   148.8   190.8   201.4   258.4   286.8   303.8   316.9   334.8   359.2   397.7   499.1  2450.5  9199.9  30175.1    30050  1683732041255  1683732051365
read      274.9   215.5   148.8   188.9   197.7   255.2   284.7   302.1   315.8   333.6   357.3   394.4   492.6  2025.9 10424.7  29953.2    30055  1683732052872  1683732062978
read      264.8   218.0   148.8   188.3   196.2   245.6   271.0   287.2   299.1   316.4   340.4   374.8   450.4  2258.1 10243.9  30036.1    30060  1683732064486  1683732074590
read      269.2   210.4   148.8   188.7   197.3   251.2   277.9   294.0   307.1   322.1   345.4   379.9   453.7  2115.9  8789.1  30038.2    30065  1683732076102  1683732086206
read      271.6   218.7   137.8   190.4   200.3   252.4   279.0   295.2   308.8   324.6   346.8   381.2   461.7  2424.5  9960.1  30013.0    30070  1683732087716  1683732097819
read      266.0   206.1   148.8   188.6   196.6   248.2   274.0   290.0   301.8   317.3   339.5   372.7   456.1  1937.9  9285.7  30136.5    30075  1683732099327  1683732109440
read      274.7   204.2   148.8   189.7   199.9   259.6   286.7   301.9   314.0   328.8   348.2   382.6   454.2  2157.9  8570.4  30141.7    30080  1683732110947  1683732121056
read      270.3   210.0   148.8   188.9   198.1   253.1   279.6   295.2   308.2   322.8   344.8   379.8   455.4  2258.9  9993.1  30026.7    30085  1683732122567  1683732132678
read      274.0   174.7   148.8   189.8   200.0   259.1   286.6   302.5   314.8   330.7   352.3   386.6   462.1  1796.4  7934.8  30066.5    30090  1683732134190  1683732144298
read      268.3   181.7   148.8   188.6   197.2   251.7   277.8   293.4   306.0   320.6   342.9   374.3   447.5  2330.1  8140.5  29970.6    30095  1683732145806  1683732155911
read      268.6   179.0   148.8   186.2   195.8   254.3   281.7   296.6   309.3   322.7   343.6   376.8   446.5  1819.4  8064.5  30104.5    30100  1683732157417  1683732167532
read      263.9   218.5   148.8   188.5   196.7   247.1   272.2   287.8   298.7   314.2   334.5   365.5   434.4  2102.8  8565.5  30106.6    30105  1683732169040  1683732179155
read      262.0   202.8   148.8   188.0   195.2   244.5   270.0   285.5   296.4   312.6   333.7   366.1   433.4  2171.6  9705.5  30045.7    30110  1683732180665  1683732190766
read      260.8   184.2   148.8   188.0   195.4   243.2   268.1   283.5   295.2   312.0   334.4   368.0   437.0  1962.8  8644.1  30142.5    30115  1683732192274  1683732202382
read      261.6   210.4   148.8   187.7   195.2   242.9   267.5   282.9   294.8   311.5   334.3   368.5   434.7  2276.7  9854.2  30100.5    30120  1683732203895  1683732214015
read      262.6   190.9   148.8   187.5   195.5   244.6   269.8   285.7   297.1   314.3   337.1   370.4   434.4  2272.1  8399.1  30209.5    30125  1683732215523  1683732225640
read      267.6   199.9   148.8   189.6   198.5   250.1   274.6   290.6   302.5   318.1   340.9   373.3   447.4  2137.6  8603.5  30016.3    30130  1683732227148  1683732237257
read      275.4   208.7   148.8   189.4   199.2   258.5   286.3   302.5   315.6   332.8   356.0   390.8   461.2  2436.4  8896.2  30096.2    30135  1683732238767  1683732248880
read      271.9   194.4   148.8   188.9   198.3   256.0   283.7   299.0   311.8   326.6   347.0   381.1   448.2  2089.9  8502.7  30183.2    30140  1683732250388  1683732260500
