Random waveform, supplied seed
Total number of intervals = 350 (7434, 67201, 85927, 63953, 31595, 87879, 7287, 62295, 6561, 22532, 60653, 59076, 60154, 22964, 8172, 27652, 37594, 24367, 33771, 84944, 85666, 51918, 34406, 28664, 38289, 20658, 13840, 93419, 98284, 71313, 42089, 46458, 30755, 42889, 93552, 65694, 29574, 51355, 67361, 16287, 81508, 87619, 99068, 51267, 11822, 97494, 97350, 55460, 85984, 82043, 52873, 13911, 49984, 9274, 27187, 18735, 86505, 93039, 75999, 32324, 84255, 81759, 37291, 53818, 30297, 31569, 38927, 10652, 98119, 48176, 34929, 69735, 20753, 84642, 42333, 61587, 77998, 97625, 23781, 66723, 31016, 47394, 95335, 5252, 65908, 16889, 42912, 99898, 26385, 22616, 50605, 90283, 26273, 48521, 34058, 75648, 19482, 15054, 75754, 5187, 17656, 96343, 36665, 85269, 31525, 61798, 12253, 25710, 79937, 7271, 85861, 91467, 72217, 31080, 76878, 84584, 12492, 57106, 96245, 6791, 90728, 5151, 82969, 42635, 99337, 95192, 69200, 49459, 29055, 64324, 5705, 84816, 23714, 74116, 19948, 44213, 19454, 7190, 47657, 44399, 6481, 5807, 83137, 9580, 37385, 33706, 35204, 50438, 48878, 42682, 27416, 64424, 64364, 5481, 26227, 26586, 86286, 24452, 26832, 29795, 46224, 84587, 63389, 46953, 90536, 12508, 38491, 97806, 11813, 39665, 53571, 63215, 78767, 8615, 67903, 16398, 53434, 38068, 9130, 69227, 37496, 83925, 51037, 33690, 51474, 73708, 98618, 81977, 91567, 48236, 91726, 52458, 70467, 71151, 65016, 42057, 78821, 60720, 39911, 10628, 73736, 7334, 91868, 76670, 10405, 26019, 55530, 29615, 66057, 55281, 21177, 88239, 70227, 23421, 97104, 6235, 58045, 23729, 40897, 53312, 87262, 81836, 92274, 47252, 75747, 80994, 98224, 7737, 37514, 10640, 90490, 92514, 89245, 73823, 46565, 21419, 66915, 31667, 72255, 99535, 9226, 67844, 71413, 97328, 55113, 53743, 15253, 90605, 25767, 93458, 95080, 88399, 95681, 33003, 98809, 64610, 51183, 20194, 7602, 46677, 5577, 23035, 57516, 62851, 38431, 25729, 19443, 19461, 42341, 5691, 40223, 29941, 41162, 43863, 20318, 93421, 48578, 40595, 17677, 78948, 9703, 9686, 7968, 15830, 8192, 79410, 76582, 54634, 72177, 15101, 8167, 44130, 53047, 97171, 81360, 77277, 38294, 11165, 74155, 12255, 52404, 17057, 6005, 85707, 79742, 58322, 26212, 69487, 29507, 51412, 67374, 55125, 53048, 12192, 36138, 60799, 36368, 39729, 95693, 40999, 65037, 12633, 50117, 62765, 12379, 49369, 39111, 52692, 24539, 61591, 47864, 16479, 75268, 8714, 13002, 77147, 43518, 27206, 55859, 37448, 45026, 99974, 64632, 49061, 80418, 16471, 35694, 13935, 79838, 48842)
Average QPS expected = 50036
Timestamp start: 1684937690363
Timestamp end: 1684938650838

#type       avg     std     min      p5     p10     p50     p67     p75     p80     p85     p90     p95     p99    p999   p9999      QPS   target
read      520.7  1588.5   160.7   211.7   230.1   349.5   397.7   425.3   446.6   473.3   514.5   618.9  5182.4 30118.2 44251.2   7268.0     7434
read      376.9   348.1   160.7   204.2   216.5   306.9   362.5   398.8   430.2   473.0   537.0   746.1  1530.5  4261.7 10906.1  66936.4    67201
read      333.3   322.7   160.7   203.1   214.5   299.3   345.1   371.2   391.9   417.7   454.4   515.0   779.4  3196.2  8107.3  85752.4    85927
read      340.2   219.1   160.7   204.0   215.7   304.2   355.6   386.5   410.7   442.3   485.3   549.0   837.5  2885.8  7666.9  63878.2    63953
read      376.1   350.1   160.7   196.7   207.8   308.2   390.1   431.2   459.7   492.3   539.1   680.6  1569.9  4118.2  9933.0  31583.3    31595
read      338.8   351.2   160.7   204.6   216.9   303.4   350.7   377.7   399.1   426.1   462.8   524.6   727.2  3761.9 11601.6  87725.1    87879
read      465.5  1147.4   160.7   213.5   231.7   337.7   384.1   411.8   432.2   459.7   497.1   583.1  4125.8 16057.1 36539.4   7230.5     7287
read      368.2   390.4   160.7   202.8   214.1   305.7   360.2   394.9   424.0   462.2   515.1   631.8  1427.0  5062.2 12437.7  61805.1    62295
read      486.1  1404.9   160.7   211.8   231.3   332.6   375.5   397.8   415.7   437.7   473.6   623.0  4046.8 30110.6 36923.8   6550.5     6561
read      480.3   730.2   160.7   199.5   212.3   378.7   474.4   543.6   597.1   653.6   724.3   847.9  2712.2  8626.2 30863.3  22562.5    22532
read      351.2   345.8   160.7   203.4   214.7   301.9   355.7   390.0   418.5   456.5   505.3   582.1  1115.0  4442.5 11315.5  60482.5    60653
read      353.2   373.6   160.7   203.5   214.9   300.3   353.8   389.6   419.9   458.7   506.4   576.7  1140.8  4042.9 15722.5  58840.0    59076
read      366.6   337.4   160.7   206.8   219.9   314.4   373.8   411.9   442.1   481.5   532.0   609.9  1171.9  4346.9  7992.0  59872.0    60154
read      480.4   874.9   160.7   202.8   214.4   368.8   455.0   508.5   558.9   624.2   702.2   821.4  2793.1 11564.3 31775.4  23096.0    22964
read      438.2   758.3   160.7   213.7   231.3   359.0   414.0   444.8   468.7   498.2   535.8   616.3  3009.3  5615.8 36344.7   8238.2     8172
read      506.9   921.5   160.7   205.2   218.3   368.7   471.9   551.0   614.2   679.1   764.6   911.7  2949.8 14384.8 31663.5  27536.7    27652
read      344.2   259.4   160.7   201.8   211.9   295.5   368.7   413.6   443.9   476.7   513.3   566.4   828.8  3603.5  7985.9  37412.4    37594
read      494.8   931.2   160.7   204.7   217.9   370.7   462.4   527.9   583.8   642.8   712.5   838.8  3058.2 11079.1 35303.7  24305.8    24367
read      378.3   666.6   160.7   196.8   208.0   304.9   385.0   428.7   457.3   488.0   525.8   600.3  1151.3  7897.8 35444.4  33893.1    33771
read      333.6   237.4   160.7   200.4   211.7   299.8   348.9   377.0   398.9   427.0   465.9   531.4   759.3  3120.2  6882.1  85029.8    84944
read      336.6   262.9   160.7   200.0   211.5   299.3   347.0   374.7   397.5   427.0   467.4   534.2  1004.9  2802.3  7812.0  85493.8    85666
read      355.0   401.2   160.7   198.5   209.7   301.3   360.5   399.6   430.4   467.1   512.0   577.2  1058.5  5891.9 12769.2  52024.0    51918
read      340.2   218.0   160.7   195.1   206.0   293.6   372.6   416.8   444.9   473.7   506.7   550.4   761.5  3050.2  7751.9  34532.0    34406
read      412.3   507.0   160.7   195.5   206.7   331.1   422.2   467.1   502.5   550.0   641.4   795.4  1822.5  5163.2 28550.9  28757.5    28664
read      377.5   508.1   160.7   195.8   207.1   298.2   376.8   426.1   458.7   494.4   539.5   647.0  1224.6  7225.0 25313.7  38284.4    38289
read      490.0  1151.0   160.7   198.4   211.2   371.0   456.4   516.8   562.1   610.5   671.0   785.9  2237.1 20884.6 32448.5  20580.7    20658
read      516.1  1302.3   160.7   201.4   213.9   376.0   458.3   506.6   537.1   571.3   617.0   736.3  3592.0 24736.3 38219.7  13866.2    13840
read      417.0   384.2   160.7   204.5   218.4   325.6   372.3   403.2   432.9   477.2   562.6  1346.6  1852.1  3221.9  8289.2  93440.4    93419
read      347.1  1116.4   160.7   204.2   216.7   305.9   352.4   379.5   400.2   427.3   464.9   531.6   745.0  5170.2 12533.5  98174.9    98284
read      340.8   368.3   160.7   202.7   213.9   301.8   350.9   379.5   401.9   432.1   472.1   539.1   902.7  3571.3 11388.3  71190.5    71313
read      344.6   657.3   160.7   198.3   209.5   301.6   363.8   401.9   430.9   463.5   501.4   557.4   860.1  2942.5  8534.8  42069.8    42089
read      343.6   300.5   160.7   198.8   210.2   300.4   361.0   399.0   428.1   461.4   500.7   558.4   888.8  3360.5 10330.1  46247.6    46458
read      393.7   626.2   148.8   197.4   208.9   314.4   393.8   434.6   463.8   497.6   545.9   688.9  1362.3  8086.6 29756.0  30846.9    30755
read      350.0   884.5   160.7   199.2   210.4   305.6   368.7   408.6   437.0   469.7   509.1   574.9   854.0  2894.1 10325.5  42993.1    42889
read      337.6   317.6   160.7   204.1   216.1   303.1   349.7   376.8   397.8   423.8   459.5   519.6   753.3  3800.0 12977.4  93678.5    93552
read      338.3   252.4   160.7   202.5   213.3   300.7   351.8   381.6   404.6   436.4   479.9   544.1   907.4  2866.4  8459.2  65577.5    65694
read      432.2   778.0   160.7   201.7   212.9   329.8   418.7   464.9   499.6   545.1   641.1   815.9  2099.1  8322.7 37762.7  29540.0    29574
read      341.0   216.4   148.8   203.6   215.0   301.5   356.5   391.7   419.9   454.4   496.9   554.1   869.0  2700.2  8028.9  51262.9    51355
read      336.5   199.2   160.7   204.4   216.4   302.3   352.1   381.2   403.5   434.5   477.5   542.9   810.2  2441.2  7241.3  67788.4    67361
read      480.5   999.5   160.7   201.0   213.9   363.0   431.6   479.3   520.6   567.7   625.2   782.7  3472.5  9708.7 32462.9  16212.0    16287
read      367.5   395.2   160.7   203.4   215.8   307.4   360.0   392.1   418.0   453.2   504.9   636.5  1532.2  3466.8 11651.5  81414.9    81508
read      341.7   273.0   148.8   203.3   215.0   306.3   357.5   387.5   409.5   437.0   476.8   542.9   791.3  3688.0  8878.5  87717.1    87619
read      351.9   325.4   160.7   207.1   221.2   316.8   366.9   396.1   418.5   446.4   485.9   550.4   803.6  3643.0 10487.8  99208.7    99068
read      353.6   348.9   160.7   201.6   212.8   305.8   363.4   398.6   426.7   461.5   504.4   569.9   991.0  5718.0 10600.2  51466.9    51267
read      443.2   855.0   160.7   204.2   218.2   360.4   424.6   463.7   491.5   522.6   561.8   639.7  2415.0  9970.8 32096.4  11793.5    11822
read      385.3   317.9   148.8   205.3   219.3   320.1   367.5   396.2   420.4   453.4   505.7   718.8  1694.7  3494.3  7970.8  97428.7    97494
read      326.6   237.9   160.7   200.2   211.8   298.9   344.4   369.8   389.2   412.4   445.3   503.3   692.5  3066.7  9175.2  97273.8    97350
read      347.1   337.1   160.7   198.6   210.1   303.6   357.8   390.3   416.2   449.6   494.2   563.1  1009.5  4227.8 11892.4  55640.7    55460
read      342.7   322.8   148.8   202.8   214.4   304.8   354.6   383.2   404.2   433.3   471.7   539.4   850.4  3389.9 10170.1  86158.2    85984
read      335.2   259.5   160.7   201.3   212.7   301.1   349.2   376.9   398.5   425.8   463.4   526.7   792.7  3018.3  9603.9  82050.5    82043
read      344.5   366.5   148.8   201.0   212.0   302.3   357.7   391.5   418.3   452.1   494.5   554.4   842.8  3873.3 13800.6  52999.6    52873
read      456.0  1051.9   160.7   198.5   211.7   351.2   417.3   460.7   492.7   527.4   570.3   651.3  2893.0 14589.6 32340.5  13960.0    13911
read      369.1   532.8   160.7   201.9   212.9   303.5   362.4   400.7   432.9   471.8   519.7   608.1  1288.8  6466.3 30991.2  49915.3    49984
read      444.2   995.8   160.7   208.1   224.6   350.5   402.5   433.2   458.0   488.5   529.6   614.8  2608.0  9205.2 37057.3   9323.6     9274
read      467.1   740.8   160.7   198.0   210.3   352.5   449.2   509.1   569.8   651.4   745.7   903.3  2111.0 11009.2 29334.8  27085.1    27187
read      527.1  1222.7   148.8   196.8   210.2   369.7   459.0   523.7   565.9   612.0   669.4   797.8  3751.3 15853.8 32047.8  18737.5    18735
read      408.2   496.4   160.7   206.3   220.2   318.9   366.5   397.4   426.0   467.6   544.9  1055.7  1764.6  4713.3 17312.8  86442.9    86505
read      332.4   332.6   148.8   202.8   214.2   300.1   345.8   372.6   393.6   419.1   454.4   511.5   705.6  3465.4 12394.7  93154.5    93039
read      347.5   307.1   148.8   203.4   215.5   307.9   360.1   390.7   414.4   444.7   485.2   549.6   862.1  4012.5  8074.6  76232.4    75999
read      362.0   401.9   160.7   197.6   209.1   311.3   386.7   426.1   452.4   481.5   516.9   576.0   942.2  4617.0 11994.6  32322.9    32324
read      336.4   305.9   160.7   201.1   212.4   301.3   350.8   379.0   400.3   427.7   464.9   527.7   744.4  3046.3 13234.3  83886.9    84255
read      338.6   240.1   148.8   203.1   214.6   304.2   355.7   385.4   407.5   436.5   477.2   542.5   775.5  2702.5  7333.8  81958.2    81759
read      345.4   383.6   160.7   199.3   209.7   293.3   364.4   407.3   436.3   467.8   504.7   556.5   821.9  4359.6 12746.5  37232.4    37291
read      351.9   477.1   160.7   199.6   210.6   297.2   352.3   388.4   418.0   455.3   498.9   555.6   879.9  6599.7 15539.5  54000.4    53818
read      409.0   694.5   160.7   198.0   209.4   317.4   408.9   454.0   485.4   524.9   599.1   767.7  1361.0  9807.7 31405.9  30382.9    30297
read      412.0   672.2   160.7   196.4   207.7   314.2   405.3   450.2   481.1   517.6   578.3   770.7  1847.4 10308.9 31178.6  31644.7    31569
read      349.9   303.5   148.8   195.7   207.1   301.7   369.8   411.9   440.7   472.2   509.2   568.9   919.7  4101.4  9357.0  38970.2    38927
read      437.6   898.3   160.7   201.1   214.5   354.1   411.3   446.4   473.7   504.3   542.1   617.3  2397.4  9208.3 35220.4  10665.1    10652
read      391.9   423.2   160.7   203.4   216.3   317.7   365.0   394.1   418.9   453.6   508.6   780.7  1716.8  3849.1 12933.3  97935.6    98119
read      350.6   346.2   148.8   197.6   209.3   306.1   367.3   404.7   434.5   468.7   509.9   573.8   828.9  4245.0 10741.2  48052.7    48176
read      376.0   296.3   160.7   198.8   210.6   317.1   397.3   440.5   469.9   503.7   547.4   635.6  1413.1  3860.3  8038.4  35169.5    34929
read      334.5   312.3   148.8   198.7   210.3   297.9   349.1   380.2   404.7   436.8   478.7   539.4   725.6  3309.4 10133.3  69828.7    69735
read      523.9  1169.0   160.7   199.4   211.9   377.9   469.5   532.2   585.5   648.7   727.3   861.0  4078.0 15146.9 36666.2  20769.8    20753
read      415.2   460.2   160.7   202.5   214.8   321.7   373.3   406.1   434.9   476.5   550.9  1239.3  1869.0  4378.0 12907.7  84627.3    84642
read      346.3   302.1   148.8   196.8   208.1   300.4   366.3   408.0   438.6   473.0   513.7   572.1   834.2  2911.9 11663.1  42491.6    42333
read      332.3   197.9   148.8   197.8   209.3   299.3   352.6   383.5   406.9   437.0   480.5   544.0   772.7  2023.7  7743.3  61707.6    61587
read      349.3   962.9   148.8   203.0   214.8   308.2   361.3   392.0   415.7   445.5   486.2   549.2   775.2  3525.7 12714.3  78089.8    77998
read      330.9   321.6   148.8   201.6   213.2   299.6   344.9   370.4   390.2   414.3   448.5   506.7   717.8  3326.0  9978.7  97987.3    97625
read      458.3   849.2   160.7   195.8   207.9   354.8   435.8   486.3   534.0   592.9   667.2   793.5  2844.2 11427.2 32186.7  23786.2    23781
read      350.2   401.7   148.8   201.5   212.9   301.2   351.9   382.6   406.5   440.4   486.7   557.5  1280.7  4552.1 14093.7  66735.3    66723
read      406.2   931.8   160.7   200.8   212.1   316.0   404.8   449.0   477.5   509.6   558.2   719.2  1483.4  8526.7 29172.3  31038.9    31016
read      344.9   287.5   160.7   201.0   212.1   299.8   360.7   401.5   432.9   467.7   508.0   562.7   793.4  3027.6  9268.8  47086.5    47394
read      348.1   317.2   160.7   205.5   218.8   309.9   358.6   386.8   407.8   435.3   471.8   538.2   829.7  3816.7 12285.8  94986.9    95335
read      428.4   860.3   173.5   219.6   240.9   327.0   362.6   383.3   399.5   421.1   454.3   561.7  2954.5 13516.1 39486.5   5336.7     5252
read      368.0   589.5   160.7   198.6   210.4   301.1   356.3   392.3   423.5   465.3   523.3   670.0  1491.8  3905.8 11911.2  65651.3    65908
read      467.3   832.6   160.7   198.7   211.5   373.4   454.5   507.5   547.9   593.1   648.7   744.5  2714.1 10826.2 31720.0  16993.8    16889
read      369.2   499.6   148.8   195.7   206.9   297.6   366.4   412.5   445.6   483.0   528.7   616.8  1232.6  7479.3 20029.0  42789.5    42912
read      342.1   558.9   148.8   200.2   211.9   301.4   348.2   375.0   397.2   424.9   462.6   526.7   892.3  4666.4 14391.0  99694.5    99898
read      423.2   515.6   148.8   194.8   206.7   346.2   435.5   484.1   524.2   581.4   661.1   790.4  1669.9  6443.4 18813.5  26303.3    26385
read      472.5   841.7   160.7   195.6   207.7   369.5   463.0   532.5   582.4   634.2   697.2   803.1  2343.4 10793.9 31886.0  22685.1    22616
read      381.1   532.7   160.7   199.8   211.6   309.8   373.7   415.7   447.3   487.4   540.9   674.3  1269.7  6977.4 27956.9  50553.8    50605
read      362.9   410.2   148.8   206.3   219.8   316.7   370.5   402.6   428.5   460.9   504.6   582.4   948.2  5321.7 13903.3  90172.4    90283
read      442.9   679.0   160.7   195.7   207.6   348.4   441.3   499.3   550.5   620.1   697.1   813.3  1886.8  8355.0 27246.4  26310.5    26273
read      385.0   512.5   160.7   197.8   209.4   303.8   365.4   407.8   442.3   483.7   540.6   743.9  1599.4  6179.2 26331.0  48204.0    48521
read      344.9   287.4   148.8   194.7   205.8   302.0   373.5   413.6   439.1   467.5   500.8   550.5   817.9  2888.9  8076.6  33998.2    34058
read      345.0   265.6   148.8   199.5   211.1   305.3   358.3   389.4   413.5   443.6   485.0   553.0  1027.8  3268.2  8908.3  75705.1    75648
read      474.3  1024.6   160.7   198.2   210.6   358.6   431.3   480.9   524.8   577.0   639.8   747.5  2895.6 11514.1 34994.2  19472.4    19482
read      506.5  1157.5   160.7   198.4   211.8   368.2   451.3   502.4   535.3   572.2   621.3   743.0  4274.5 15371.9 40596.0  14994.9    15054
read      377.6   511.7   160.7   200.8   212.8   306.4   357.6   388.3   413.7   450.2   504.8   652.9  1712.0  5629.4 29041.5  75817.8    75754
read      511.1  1496.4   160.7   220.1   242.3   334.2   374.3   397.4   415.7   438.1   484.9   836.4  4421.6 30868.0 37351.7   5295.3     5187
read      490.3   919.8   160.7   198.4   211.9   374.0   461.6   526.3   568.2   613.3   670.2   786.8  3369.7 11321.5 35232.1  17496.4    17656
read      439.7   522.6   160.7   206.4   221.6   337.9   386.2   418.1   446.0   486.8   569.7  1417.6  1882.9  4669.2 14799.3  96277.5    96343
read      355.9   376.5   148.8   197.2   208.7   305.3   375.0   415.6   444.1   475.3   513.6   572.1   903.3  6004.7 12706.9  36697.8    36665
read      343.9   264.4   160.7   205.5   218.5   309.2   358.3   386.5   407.0   434.7   473.2   539.1   806.5  3413.6  6903.4  85366.9    85269
read      354.7   237.2   160.7   198.3   209.5   308.4   389.6   429.9   456.1   484.9   519.7   579.4   965.5  2851.2  8344.1  31582.5    31525
read      352.4   420.5   160.7   203.1   214.3   303.6   356.2   389.2   415.5   449.8   494.9   559.9   982.6  6506.3 15868.1  61825.5    61798
read      475.0  1065.0   160.7   202.7   216.1   357.0   414.1   449.4   478.2   513.1   555.9   647.9  3810.5 11467.2 36575.0  12444.0    12253
read      495.4   769.9   160.7   204.7   217.8   374.5   484.3   560.7   617.8   679.1   758.2   892.1  3415.2  8350.4 31398.8  25719.6    25710
read      360.4   382.4   160.7   204.3   216.8   306.6   359.3   391.8   418.2   452.7   501.0   584.8  1346.6  4133.1 11530.9  79757.5    79937
read      448.9   959.1   160.7   213.0   231.7   347.9   393.6   419.2   436.6   462.7   498.2   578.4  3602.5 12310.2 31325.7   7236.0     7271
read      375.6   401.4   160.7   203.6   216.2   307.7   357.7   388.9   414.3   449.8   503.8   653.6  1725.6  4303.7 15309.7  85796.4    85861
read      340.4   303.5   160.7   201.8   213.1   302.1   350.5   377.6   398.6   426.0   464.4   531.5   865.9  3899.8  9924.7  91188.4    91467
read      345.8   220.2   160.7   204.8   216.9   306.0   359.7   391.9   417.6   451.6   497.0   568.4   975.2  2926.8  7050.3  72256.7    72217
read      352.7   255.1   160.7   201.2   211.8   304.4   387.9   428.5   455.5   484.4   517.0   567.6   805.2  3598.9  8001.4  31269.5    31080
read      347.5   369.5   148.8   202.8   214.4   306.1   359.2   390.5   415.1   447.1   489.9   553.9   843.1  3880.8 12774.7  76949.1    76878
read      337.1   292.7   160.7   201.6   212.8   301.7   351.5   379.5   400.8   429.2   468.1   533.1   779.4  3705.1  8784.4  84623.3    84584
read      542.0  1542.5   160.7   199.1   212.1   361.4   424.3   463.2   492.9   527.3   571.6   681.5  5731.4 26342.0 39132.0  12450.9    12492
read      378.4   342.0   160.7   203.3   215.4   312.3   374.2   416.4   451.4   493.8   549.9   701.9  1396.5  4348.7  9398.8  56994.2    57106
read      337.9   258.2   160.7   203.7   215.7   303.9   351.3   379.0   400.8   428.7   466.2   531.0   762.8  3153.9  8650.3  96108.7    96245
read      424.8  1049.7   160.7   213.6   233.1   337.2   377.7   399.8   417.3   436.8   468.8   536.2  2333.7 15382.7 32224.2   6793.5     6791
read      447.0   450.1   148.8   206.3   221.3   334.4   382.4   415.8   448.2   500.8   643.8  1485.6  1939.2  4031.9  9375.8  90329.8    90728
read      444.8   998.0   160.7   223.1   243.3   329.0   365.7   386.9   402.1   425.3   461.3   625.9  3314.0 10702.2 42690.6   5186.2     5151
read      426.1   615.4   160.7   205.9   219.6   323.1   372.7   402.5   429.4   467.2   536.1  1122.5  2264.0  7641.0 22261.9  83117.1    82969
read      349.2   697.7   148.8   196.9   208.2   298.2   364.5   407.6   440.1   475.1   514.5   572.1   853.1  3975.2 15765.5  42454.9    42635
read      347.3   402.0   160.7   202.0   214.2   307.1   354.6   382.3   403.1   430.7   468.5   535.9   898.0  4686.4 14834.4  99296.7    99337
read      336.4   257.0   148.8   202.5   214.0   304.5   352.7   379.9   400.3   426.9   463.3   525.2   741.0  3251.5  7935.0  94897.1    95192
read      349.3   355.9   148.8   201.3   212.6   307.6   362.0   394.0   419.2   450.8   492.9   562.3  1036.1  3621.6  9252.2  69198.2    69200
read      344.5   366.1   160.7   196.6   208.0   301.8   358.3   392.6   420.0   453.3   494.2   552.9   933.2  3695.9 12351.5  49417.5    49459
read      429.0   731.5   160.7   194.2   205.4   321.9   407.3   451.5   485.5   534.4   637.2   839.6  2468.5  8054.5 31154.1  29021.1    29055
read      339.6   223.8   160.7   198.4   209.9   303.3   358.7   390.6   415.2   447.0   488.9   548.4   849.4  2868.4  5968.7  64310.2    64324
read      421.8  1033.5   173.5   215.5   235.8   330.3   367.5   388.5   402.9   424.6   455.8   534.6  2833.7 12058.9 41678.0   5704.4     5705
read      374.2   323.7   160.7   201.8   213.6   309.9   361.2   392.1   417.4   452.9   505.9   646.6  1706.7  3603.8  7614.4  84444.0    84816
read      435.4   642.5   160.7   195.7   207.9   352.8   433.7   483.8   527.9   589.6   667.3   780.2  1986.6  9633.9 30611.8  23841.8    23714
read      364.4   369.4   160.7   204.0   216.6   310.9   364.8   397.6   424.2   457.9   505.7   599.8  1454.1  3634.6 14648.5  73927.3    74116
read      426.7   587.9   160.7   196.4   208.8   357.5   431.1   481.4   524.8   577.1   635.1   725.4  1803.4  6610.7 28970.0  20048.4    19948
read      408.1   731.9   160.7   200.5   212.0   309.5   377.2   422.9   458.1   500.4   561.8   784.1  1681.1 11326.0 30097.7  44004.4    44213
read      466.4   876.3   160.7   202.4   214.7   372.4   456.8   516.4   565.1   619.0   682.7   790.0  2263.5  7757.7 32173.0  19465.8    19454
read      499.5  1458.6   160.7   208.4   226.5   343.5   388.7   412.8   431.0   455.2   489.4   568.3  4374.2 30462.0 37939.9   7264.0     7190
read      364.5   425.2   160.7   198.7   210.5   307.0   367.1   404.7   435.1   471.9   517.1   594.4  1279.5  5674.6 12815.9  47652.4    47657
read      343.9   309.5   160.7   195.8   207.1   298.7   359.1   397.8   427.1   461.0   499.9   554.0   865.6  5451.5 12082.1  44467.3    44399
read      477.6  1385.3   173.5   214.1   234.6   342.0   386.2   410.5   430.1   456.1   493.0   599.3  3562.9 28878.1 43747.1   6419.6     6481
read      483.7  1454.3   160.7   216.8   239.1   338.8   379.3   401.2   418.2   436.2   467.0   538.2  4204.0 30813.2 37040.2   5797.5     5807
read      362.4   366.5   160.7   201.1   213.0   307.7   359.3   389.2   412.6   444.0   490.9   586.1  1538.0  5146.9  8393.4  82737.1    83137
read      454.4  1199.1   160.7   201.2   215.4   341.3   392.8   423.4   445.9   472.5   507.1   572.5  3825.4 13689.2 40313.3   9637.5     9580
read      401.5   680.6   160.7   196.1   207.8   309.8   386.1   433.1   467.4   507.0   566.2   747.0  1520.3  8367.5 31981.4  37284.4    37385
read      348.8   254.8   160.7   198.9   210.1   305.6   378.6   419.1   446.6   476.0   509.3   563.0   812.4  2662.9  9641.1  33536.7    33706
read      356.6   256.8   148.8   200.2   211.5   311.0   387.0   429.7   458.8   490.8   529.4   589.4   922.5  2731.9 10620.7  35109.8    35204
read      353.1   338.5   148.8   202.2   213.3   307.4   365.8   401.3   430.3   465.4   507.6   573.0   942.5  4121.7 15129.9  50517.5    50438
read      345.7   380.4   160.7   198.5   210.0   302.3   358.9   394.0   422.1   456.3   497.7   555.3   898.5  3229.4 14903.1  49022.5    48878
read      347.7   364.9   160.7   195.7   207.1   299.4   360.1   398.4   428.5   462.6   501.8   558.9   881.0  6507.4  8690.7  42781.1    42682
read      453.4   736.3   160.7   196.5   208.2   337.2   427.8   479.6   525.7   606.1   720.0   902.6  2743.9  7274.5 31685.5  27366.9    27416
read      358.0   413.9   148.8   202.5   213.4   303.5   357.0   388.7   413.7   447.2   493.2   564.3  1436.7  5870.1 12476.7  64559.6    64424
read      341.5   205.8   160.7   203.8   215.3   305.2   359.0   390.5   415.2   447.9   492.3   561.0   845.0  2561.2  8283.5  64665.5    64364
read      451.1  1244.8   173.5   217.3   234.7   314.5   349.6   371.2   388.3   408.2   439.6   524.0  3876.7 22001.5 33142.8   5543.6     5481
read      489.5   776.7   160.7   200.1   212.4   359.8   457.3   523.6   588.2   667.9   762.7   921.7  3368.5  7733.2 31482.3  26143.6    26227
read      477.1   932.0   160.7   196.8   208.7   347.8   442.2   503.5   562.3   641.0   737.8   882.5  3027.2  9922.4 32060.9  26713.1    26586
read      365.6   364.0   148.8   203.5   216.1   312.0   360.4   389.0   411.5   441.7   487.0   574.4  1819.1  3989.7 12350.5  86439.6    86286
read      456.9   766.1   160.7   198.2   210.1   351.5   443.0   503.1   559.4   629.9   712.6   843.5  2181.4  9255.7 31967.7  24625.5    24452
read      499.8   962.7   160.7   201.6   213.4   366.7   472.6   551.7   615.3   681.9   763.0   891.7  2894.8 14351.6 32487.7  26831.3    26832
read      458.0   919.5   160.7   202.5   213.8   334.6   426.9   477.1   512.5   563.2   659.3   852.7  2652.0 10784.1 32213.2  29917.8    29795
read      358.6   395.8   160.7   201.0   212.3   306.6   368.0   406.9   436.4   471.4   513.2   578.3  1041.5  4691.3 16625.6  46280.0    46224
read      334.8   248.8   160.7   203.7   215.6   301.5   347.9   375.5   397.4   425.6   465.3   530.9   743.7  3164.9  7190.5  84504.4    84587
read      343.7   246.1   160.7   204.2   216.1   304.4   358.0   390.6   416.3   449.2   493.1   558.4   858.9  3111.9  6889.5  63463.3    63389
read      360.2   322.7   160.7   203.0   214.5   313.1   376.5   416.0   446.0   482.5   527.2   591.6   874.3  4886.6 11538.6  46905.1    46953
read      350.9   371.9   148.8   204.4   217.4   310.5   359.9   389.5   412.1   440.4   482.0   548.8   840.5  4476.6 10297.9  90510.9    90536
read      488.0  1224.6   160.7   204.5   217.7   351.1   414.3   455.9   487.0   521.5   563.6   665.0  3922.8 19232.6 34931.2  12544.0    12508
read      381.2   446.3   160.7   201.5   212.4   303.5   380.4   429.1   462.8   500.0   545.6   685.8  1272.1  5739.0 12674.3  38270.5    38491
read      352.4   394.8   160.7   205.0   218.8   313.0   362.7   392.0   414.8   443.8   484.4   549.9   797.2  4200.9 14744.8  97805.8    97806
read      441.2   957.8   160.7   202.4   215.4   353.9   410.8   446.9   475.6   509.4   554.8   649.0  2748.0  8931.3 39322.2  11854.2    11813
read      406.8   666.5   148.8   200.7   212.7   315.4   390.3   436.8   472.4   515.3   580.9   798.7  1443.7  8098.1 30194.5  39520.4    39665
read      343.4   244.9   160.7   201.0   212.7   304.4   360.1   393.1   419.4   453.0   496.8   564.8   949.7  2756.9 10465.3  53476.0    53571
read      350.3   348.8   160.7   204.5   217.2   306.0   357.0   387.5   411.8   444.4   488.6   554.0  1135.8  5310.0 10356.7  63155.3    63215
read      344.8   296.0   160.7   203.9   216.0   306.7   356.1   385.2   407.0   435.3   475.3   542.8   824.7  4281.8  7872.4  78744.7    78767
read      472.6  1315.2   160.7   204.7   219.6   336.2   387.1   417.1   438.7   467.0   505.3   600.0  4251.8 30495.5 37463.0   8497.5     8615
read      369.5   435.4   148.8   202.6   214.1   309.1   362.6   394.8   421.9   458.5   509.5   625.6  1440.9  5997.7 12800.9  67498.2    67903
read      431.8   723.5   160.7   196.0   208.4   350.0   415.6   459.0   496.3   540.3   589.7   675.9  2412.7 10301.6 31768.2  16401.5    16398
read      363.5   316.5   148.8   203.2   215.0   310.4   365.7   400.5   429.7   466.1   513.7   603.3  1261.1  4733.0  8639.3  53754.5    53434
read      340.9   330.1   148.8   195.7   206.9   297.7   360.9   399.3   427.3   458.5   495.0   546.0   858.9  3249.3 12433.4  38259.3    38068
read      470.0  1274.0   160.7   204.3   219.6   348.0   402.7   436.7   463.8   495.7   537.5   628.1  3787.5 30349.9 38437.0   9109.1     9130
read      372.2   429.0   160.7   201.1   212.8   308.9   362.7   395.1   421.5   456.8   507.5   623.1  1600.1  5433.6 12843.9  68928.4    69227
read      341.1   224.1   160.7   196.1   207.2   300.6   364.5   403.7   432.4   464.5   501.1   556.5   870.9  2631.8  8027.7  37430.9    37496
read      344.0   313.5   160.7   203.3   215.3   306.3   356.0   384.9   406.4   435.3   474.5   542.6   850.0  3616.0  9305.3  83948.0    83925
read      346.9   244.1   160.7   202.9   214.2   307.0   363.7   398.7   426.7   461.8   505.2   574.1   912.2  2982.4  8727.0  51163.6    51037
read      362.3   408.6   160.7   200.8   211.4   302.8   381.5   425.6   453.7   483.5   518.4   573.8   968.4  5848.9 11795.1  33660.7    33690
read      341.0   263.5   160.7   203.1   214.0   300.0   357.8   395.6   426.3   462.9   506.5   564.7   765.8  2557.3 11449.2  51565.1    51474
read      334.3   229.4   160.7   199.8   211.3   302.0   354.5   384.2   405.8   434.9   475.3   538.3   735.2  2683.1  8956.1  73765.5    73708
read      343.3   367.3   148.8   202.1   214.0   303.4   349.0   376.0   397.4   424.3   461.9   527.9   799.7  5208.2 12868.2  98724.4    98618
read      346.3   304.5   148.8   201.2   213.0   307.3   360.1   391.0   414.8   444.4   485.5   552.0   799.1  3624.2 11169.9  82049.5    81977
read      346.4   298.6   148.8   203.7   216.3   310.0   359.6   388.9   410.8   438.2   478.5   547.6   860.4  3520.1 10693.3  91599.3    91567
read      358.9   477.7   160.7   202.4   213.3   307.3   366.8   403.3   432.8   468.4   512.5   581.0   922.9  5851.6 28188.5  48429.8    48236
read      348.4   275.3   160.7   205.7   219.3   311.8   360.6   389.6   411.4   438.3   478.0   544.2   808.1  3782.2 10846.4  91829.8    91726
read      341.5   223.7   160.7   200.8   212.2   304.9   361.4   395.9   423.4   457.5   500.2   563.2   784.9  2662.9  8664.3  52316.0    52458
read      341.6   272.1   160.7   201.5   213.1   304.8   356.9   387.5   411.0   441.6   483.6   546.8   787.3  3840.3  8330.1  70404.7    70467
read      342.6   243.7   160.7   201.2   212.6   303.6   355.2   386.4   410.8   443.1   488.4   557.1   929.5  3130.2  7765.4  71200.4    71151
read      355.1   295.7   160.7   203.1   215.2   311.4   366.3   399.2   426.2   460.0   505.3   578.5  1089.9  3404.4 12070.3  64865.8    65016
read      347.0   258.0   148.8   197.6   209.1   300.5   363.9   404.5   436.2   471.3   512.8   575.4   942.5  2944.8  9044.9  42320.0    42057
read      334.5   213.0   148.8   202.0   213.4   301.7   350.4   378.7   400.7   430.2   470.5   537.5   806.4  2774.5  7655.0  78622.9    78821
read      345.4   305.1   160.7   200.8   212.6   305.3   359.5   392.2   418.9   453.3   497.9   565.3   833.4  3034.9 10185.8  60882.5    60720
read      359.7   291.5   160.7   197.9   209.5   310.4   378.7   420.1   450.4   485.8   528.5   592.2   992.2  3882.0  7900.7  39837.1    39911
read      452.4  1241.9   160.7   199.6   212.4   344.4   399.4   432.1   457.2   485.9   521.9   588.4  2659.4 24758.8 42319.3  10703.3    10628
read      371.4   441.4   160.7   199.6   211.7   307.1   360.9   394.1   421.9   459.2   512.5   631.2  1558.2  5923.0 15580.3  73780.7    73736
read      444.4   930.3   160.7   211.6   229.9   344.7   393.4   420.8   440.5   467.2   505.9   604.9  3349.0 13671.7 31315.2   7299.6     7334
read      413.7   645.6   160.7   204.8   218.8   328.9   385.2   419.6   448.1   488.3   550.0   716.6  1785.3  7722.2 30653.4  91598.5    91868
read      339.8   275.1   160.7   202.4   213.4   302.4   350.4   378.1   399.7   428.1   466.7   532.5   914.9  3520.9  8784.0  76746.9    76670
read      445.3   932.6   160.7   202.9   216.4   344.3   399.2   435.1   464.8   497.8   540.0   626.5  3623.1 10612.3 31939.5  10590.5    10405
read      505.3   985.5   148.8   196.1   208.2   356.2   463.0   542.8   610.4   683.7   773.2   918.9  3547.4 13663.3 32236.9  25988.4    26019
read      362.3   341.0   160.7   199.5   211.0   303.9   360.9   396.9   427.2   466.0   518.7   627.7  1390.3  3854.7  9038.0  55413.1    55530
read      394.0   467.2   160.7   195.5   206.7   316.6   399.0   442.5   472.1   510.2   590.3   767.4  1550.4  5313.3 16230.1  29453.8    29615
read      362.1   449.7   148.8   199.8   211.2   303.6   357.1   389.1   415.7   452.3   502.7   602.4  1393.0  5094.2 16050.9  66121.5    66057
read      345.8   220.4   160.7   198.0   209.7   307.1   363.6   396.9   423.6   457.2   500.5   571.5   979.4  3328.5  6109.7  55282.2    55281
read      475.5  1012.1   160.7   198.2   210.5   362.3   445.3   505.6   558.8   618.6   686.0   801.3  2377.5 11044.2 34740.8  21413.1    21177
read      399.7   379.5   160.7   208.8   223.3   324.5   376.3   408.7   435.9   473.3   537.3   784.2  1887.2  4013.2  8765.1  88117.8    88239
read      346.3   248.2   160.7   204.2   216.5   309.2   360.5   390.5   413.8   443.8   485.2   549.8   841.0  3591.6  8274.9  70453.8    70227
read      489.1  1073.9   160.7   198.1   210.2   353.0   438.5   496.9   550.8   624.6   718.4   863.8  3232.8 11761.4 37277.7  23522.5    23421
read      367.1   350.7   160.7   206.5   220.8   317.4   367.2   397.0   421.0   451.5   495.2   583.9  1565.0  4290.3 11228.1  97008.7    97104
read      372.0   550.5   173.5   217.5   238.4   339.6   376.3   396.2   410.7   429.7   457.1   509.5   820.2  4515.0 31481.0   6298.5     6235
read      362.8   241.7   160.7   204.6   217.4   319.9   379.9   416.7   444.6   478.5   526.1   620.7  1120.2  2117.5  8028.8  57874.5    58045
read      407.2   398.6   160.7   198.9   212.4   360.3   433.1   481.1   520.1   567.0   626.5   713.8  1089.1  4617.6 11801.0  23765.1    23729
read      360.1   236.0   148.8   198.6   210.5   314.2   382.6   423.4   453.6   489.6   539.1   655.4  1009.1  1917.6  7122.8  40806.2    40897
read      341.9   193.6   148.8   200.7   212.4   311.9   368.8   401.7   427.9   459.9   500.4   564.6   741.5  1658.4  8384.0  53145.8    53312
read      327.4   165.7   148.8   201.1   212.7   302.2   351.8   379.9   400.7   427.1   462.2   519.1   669.6  2274.2  4035.7  87706.2    87262
read      329.0   194.3   148.8   202.4   213.9   302.0   350.4   378.4   399.7   426.9   463.3   524.3   674.1  2127.2  8419.1  82037.5    81836
read      328.3   172.3   148.8   203.4   215.6   303.4   350.3   377.2   398.1   424.5   461.0   522.4   678.7  1731.0  6328.3  92317.5    92274
read      349.4   225.1   160.7   205.0   217.4   310.0   372.7   413.7   445.9   482.2   524.5   582.6   737.1  1856.3 12193.0  47432.0    47252
read      340.0   181.5   160.7   206.2   219.6   309.5   362.6   394.2   418.8   449.7   491.6   552.7   720.9  1852.2  7863.5  75742.2    75747
read      340.7   184.6   160.7   203.6   215.8   310.6   365.2   396.9   421.5   451.6   491.1   552.6   733.8  2179.3  6884.5  80967.6    80994
read      342.0   173.5   160.7   205.4   219.4   315.9   366.1   395.6   418.1   445.3   482.6   544.8   716.3  2246.8  6694.9  98623.3    98224
read      386.4   618.4   160.7   209.0   227.2   339.4   381.8   404.4   422.2   441.8   469.9   529.5  1389.7  9905.3 17532.6   7710.9     7737
read      394.7   298.0   160.7   203.7   216.2   336.8   400.7   438.2   468.2   508.4   584.5   833.9  1338.3  2885.7  9704.7  37568.7    37514
read      458.3   879.8   148.8   201.2   214.1   356.9   418.7   462.5   499.1   545.0   606.6   711.5  2733.0  8423.1 31817.6  10665.8    10640
read      461.8   532.1   160.7   209.3   225.3   355.6   416.6   456.1   489.2   536.3   630.9  1422.5  2369.9  5060.0 12623.1  90312.0    90490
read      349.6   256.1   160.7   205.0   218.2   314.4   365.7   395.0   417.3   444.6   483.2   548.0   887.0  3549.5  6524.2  92770.9    92514
read      345.4   268.7   160.7   204.8   217.4   311.4   363.0   392.8   415.0   441.9   479.1   539.8   747.4  3348.0  8506.2  89520.0    89245
read      354.9   345.2   160.7   204.4   217.1   314.3   368.8   400.5   425.1   455.5   496.9   564.6   963.2  4266.7 11290.9  73682.5    73823
read      347.7   285.0   160.7   201.0   212.3   307.0   366.8   404.8   435.0   470.3   511.9   568.1   804.8  2911.3 12587.8  46233.8    46565
read      454.8   942.1   160.7   196.9   209.2   359.6   441.0   490.5   533.8   593.4   670.5   787.6  1744.9 10407.5 32237.5  21470.9    21419
read      359.2   306.1   148.8   201.6   212.9   312.9   368.4   400.7   426.9   460.3   505.1   585.0  1415.9  3727.4  8704.3  66895.6    66915
read      358.6   432.8   160.7   198.8   210.1   311.8   381.3   420.6   447.3   476.4   510.8   568.5   935.8  4067.9 29158.8  31689.5    31667
read      349.2   274.7   160.7   203.1   215.0   313.1   367.6   398.5   422.9   453.4   495.9   564.9   911.0  2574.3 11182.7  72277.8    72255
read      356.7   315.4   160.7   207.4   221.9   322.4   372.4   402.1   426.2   455.7   495.9   564.3   788.8  3544.8 10024.8  99649.5    99535
read      413.2   578.7   160.7   207.8   223.7   343.5   398.1   433.1   461.5   494.4   536.5   624.3  2306.9  6075.3 31004.9   9172.7     9226
read      390.4   350.3   160.7   207.6   221.3   326.5   385.7   422.3   451.9   491.5   551.1   722.2  1570.3  3658.1 12554.6  67791.3    67844
read      352.9   283.1   160.7   206.7   219.9   316.9   370.3   400.9   425.0   454.8   495.4   562.7   825.7  3435.9  8100.8  71405.8    71413
read      360.4   286.3   160.7   210.9   225.9   326.8   377.8   408.0   431.8   461.7   501.7   571.9   784.3  3719.5  9794.2  97108.0    97328
read      356.4   331.1   160.7   204.7   217.5   316.4   371.7   403.3   429.3   462.2   504.4   572.4   977.0  3398.8 12637.5  55206.9    55113
read      361.4   366.4   148.8   206.6   219.5   320.5   377.3   411.4   438.2   471.1   513.7   582.9   906.7  4475.0 10637.8  53512.4    53743
read      455.7   852.5   160.7   202.3   215.3   367.3   437.0   484.9   520.9   562.5   611.5   689.0  2633.2 13179.1 32113.9  15244.7    15253
read      459.2   528.1   160.7   210.7   226.4   351.2   407.7   446.8   482.9   536.2   628.9  1419.5  2454.4  4763.0 16066.4  90452.4    90605
read      418.8   360.7   160.7   202.4   213.9   345.3   445.2   494.6   529.7   575.1   663.1   843.0  1413.5  3990.6 10439.8  25778.9    25767
read      341.7   275.0   160.7   203.5   215.6   308.5   359.8   389.9   413.0   442.4   483.3   546.6   740.5  2889.3 10709.6  93309.5    93458
read      336.6   226.2   160.7   203.3   215.0   305.7   355.3   384.0   404.5   432.9   470.4   533.2   723.4  3174.1  9193.2  94999.6    95080
read      346.2   241.9   160.7   204.8   217.4   310.4   363.3   394.4   419.0   449.9   492.0   558.7   740.9  3816.8  6334.6  88233.8    88399
read      347.5   375.9   160.7   204.6   217.6   311.2   360.8   389.6   411.7   440.1   480.5   545.7   758.0  3920.5 14813.7  95654.2    95681
read      356.9   230.4   160.7   200.7   212.2   309.0   389.1   437.7   470.6   505.7   543.1   593.1   827.1  2725.6  7928.2  33088.0    33003
read      346.4   245.4   148.8   207.3   221.0   313.3   361.9   391.0   413.9   443.5   484.5   549.0   767.7  3128.8  8494.4  98837.8    98809
read      356.8   346.0   160.7   206.6   219.5   308.1   362.8   398.0   429.5   473.0   529.4   599.1   946.7  4907.5 13056.5  64633.5    64610
read      360.1   360.6   160.7   204.8   217.4   308.4   369.7   414.8   454.1   501.8   552.8   614.0   823.8  3278.7 10992.6  51266.5    51183
read      367.6   328.8   160.7   201.3   212.5   336.5   406.1   438.7   460.8   485.8   516.3   569.2   889.7  3647.1 14489.1  20058.5    20194
read      347.9   285.4   160.7   214.1   231.1   321.1   353.0   369.0   380.7   394.7   412.7   446.8  1332.9  3924.0  8726.5   7628.7     7602
read      368.5   290.4   160.7   204.7   218.0   327.4   387.0   422.7   450.3   483.8   526.9   592.6  1080.8  3365.8 10745.4  46536.7    46677
read      378.6   892.8   173.5   225.2   246.8   316.0   345.0   361.2   371.5   386.1   402.4   436.2  1198.4 10774.0 31774.8   5656.0     5577
read      382.0   337.8   160.7   209.1   224.2   350.4   413.5   448.9   472.7   501.4   537.6   593.0   882.3  3510.9 11675.1  22984.0    23035
read      356.0   296.1   160.7   203.2   215.0   314.2   370.4   404.5   433.5   470.8   519.1   584.5   898.8  2974.1 11983.0  57453.8    57516
read      342.8   226.9   148.8   201.8   213.3   308.1   362.4   394.6   420.9   454.6   498.7   561.3   775.6  2422.8 10557.5  62754.9    62851
read      339.8   180.3   148.8   197.5   209.3   304.3   371.3   413.1   443.0   475.5   511.6   561.7   681.7  1889.0  7586.7  38478.5    38431
read      368.6   467.1   148.8   196.8   208.8   315.8   393.8   431.1   455.5   481.8   512.1   564.4  1085.5  4938.2 21227.7  25844.4    25729
read      349.5   254.4   160.7   196.0   207.5   325.5   391.4   420.8   439.3   460.6   486.4   526.2   771.8  3713.5  8734.7  19424.4    19443
read      345.6   274.5   160.7   195.7   207.1   324.6   388.8   418.0   436.8   457.8   482.3   518.9   688.7  2850.2 11667.7  19377.8    19461
read      358.1   339.6   160.7   199.5   211.1   302.1   371.9   426.3   469.4   512.6   557.2   613.1   824.3  2960.8 12536.2  42135.6    42341
read      373.9   707.5   173.5   235.1   255.1   332.9   365.8   382.5   393.9   406.0   426.4   460.5  1028.2  7583.6 36823.3   5761.1     5691
read      375.2   340.6   160.7   204.6   217.3   322.5   393.0   445.2   485.6   526.7   568.5   620.0   842.2  5688.9 10260.0  39969.1    40223
read      373.2   247.3   160.7   203.5   215.7   319.2   418.0   471.1   503.4   536.6   572.8   622.6   859.1  2477.1  8712.0  29965.5    29941
read      363.8   329.8   160.7   200.7   212.3   303.7   378.9   439.4   481.3   523.8   568.3   623.0   859.8  3640.2 12578.6  41046.5    41162
read      360.9   286.1   160.7   201.8   213.4   303.4   373.0   430.0   472.8   519.0   564.1   618.5   883.3  3558.8 10134.1  43673.8    43863
read      373.4   419.6   160.7   203.4   215.2   338.3   417.8   453.0   474.5   498.4   527.4   570.3   780.2  5669.8 12342.0  20362.9    20318
read      374.8   422.5   148.8   204.5   218.2   321.8   379.3   414.7   442.9   479.3   530.4   609.9  1319.5  4576.8 14934.2  93239.3    93421
read      372.0   432.0   160.7   200.1   211.9   304.8   372.2   425.3   469.5   517.9   567.7   631.0  1120.5  5946.5 18509.2  48484.4    48578
read      366.1   345.0   160.7   199.0   210.6   301.5   376.4   435.5   477.1   519.2   560.1   615.2  1059.5  3749.1 10928.0  40644.0    40595
read      372.1   242.6   160.7   204.4   216.8   349.3   417.7   447.9   466.3   488.6   514.2   551.1   924.5  3672.8  7554.6  17740.4    17677
read      349.3   357.8   160.7   203.6   215.8   303.2   354.3   386.2   412.5   448.2   499.3   572.9   857.9  3871.8 12198.4  79088.4    78948
read      378.0   463.8   160.7   219.9   236.6   347.3   386.0   404.1   419.1   434.4   457.1   494.1   929.1  6482.9 19528.8   9588.7     9703
read      384.0   518.2   173.5   221.4   239.6   350.4   391.9   412.2   426.8   443.6   465.8   507.0  1046.4  5434.6 21217.9   9741.1     9686
read      354.9   346.4   160.7   224.5   245.3   335.3   368.4   385.3   396.7   410.4   429.9   463.8   596.7  6389.8 14387.1   8054.2     7968
read      345.8   312.4   160.7   206.0   221.7   332.4   374.7   395.3   409.2   425.7   445.4   473.1   579.6  3202.7 19175.2  15815.3    15830
read      335.1   238.2   160.7   219.1   239.0   320.4   350.1   364.7   373.8   387.3   401.3   429.5   546.5  3855.4  8011.0   8273.1     8192
read      321.1   138.6   148.8   197.2   209.4   298.7   348.5   375.5   397.2   423.9   458.7   508.1   631.5  1428.6  4664.1  78876.0    79410
read      319.4   227.4   148.8   195.5   207.6   292.8   341.1   368.6   390.9   419.8   458.5   512.1   623.2  1671.6  7494.1  76638.5    76582
read      324.2   156.1   148.8   196.0   207.9   294.4   347.6   381.1   408.5   444.4   485.7   535.5   628.4  1562.5  4331.7  54573.8    54634
read      328.5   154.1   148.8   196.9   209.5   300.7   353.8   384.6   409.0   442.1   484.0   541.2   664.0  1678.1  4036.6  72046.5    72177
read      346.4   218.6   148.8   204.2   217.2   341.9   390.6   413.3   428.0   444.6   464.0   496.4   575.5  2901.2  5974.1  15233.5    15101
read      354.5   265.6   160.7   223.0   242.1   344.0   380.0   396.4   407.5   421.7   435.9   465.1   535.7  5234.1  8062.6   8252.7     8167
read      365.9   206.6   160.7   204.8   219.1   335.3   399.3   440.9   473.9   513.6   556.1   605.8   698.7  1457.6  8548.3  43954.2    44130
read      363.5   207.7   160.7   203.9   217.0   322.8   386.7   429.0   465.3   507.9   553.6   619.1   910.9  1765.2  7964.1  53136.4    53047
read      321.0   154.5   148.8   200.5   213.1   299.4   344.5   370.7   391.1   416.6   452.6   506.6   623.4  1614.6  4592.1  97401.1    97171
read      319.1   200.9   148.8   195.7   208.2   294.2   342.6   370.4   392.4   420.1   457.3   508.3   615.9  1382.3  9199.9  81237.1    81360
read      315.5   132.8   148.8   195.0   207.0   292.4   340.8   368.3   390.1   417.8   455.0   505.8   610.8  1375.7  3931.8  77520.4    77277
read      334.7   190.3   148.8   195.5   207.7   300.1   368.7   412.0   441.1   469.7   502.1   545.1   638.2  1270.8  7813.5  38327.6    38294
read      347.4   206.7   160.7   215.5   230.7   342.7   381.5   399.8   412.6   426.4   443.1   469.0   536.4  3805.5  8504.7  11165.8    11165
read      327.1   212.6   148.8   198.2   210.6   297.1   346.6   376.7   401.2   434.4   481.7   541.6   639.6  1676.6  7998.6  73930.5    74155
read      350.3   261.5   160.7   210.2   224.9   343.6   385.0   404.5   419.5   434.5   455.8   485.3   551.8  4123.6 11351.3  12262.5    12255
read      339.6   183.9   148.8   197.5   209.9   306.5   364.8   402.4   435.0   475.1   518.2   570.6   673.0  1517.3  5953.2  52112.0    52404
read      355.6   227.1   160.7   205.0   219.1   345.6   404.7   430.8   448.1   465.9   489.2   520.2   586.9  2387.1  9828.6  17004.4    17057
read      350.4   588.5   160.7   230.0   250.4   320.3   351.6   367.4   378.5   392.7   409.3   437.0   529.9  5342.7 27399.2   5977.5     6005
read      323.6   166.8   148.8   195.9   208.4   297.4   347.2   376.4   399.6   429.4   470.2   531.7   641.4  1706.4  7239.8  85567.3    85707
read      319.4   153.2   148.8   194.8   206.9   294.2   344.3   372.7   395.6   424.9   463.4   518.5   633.8  1505.9  5549.3  79756.7    79742
read      323.2   318.3   148.8   194.0   205.8   294.0   346.1   377.5   403.1   435.1   471.1   517.8   617.1  2091.8  8608.4  58607.6    58322
read      337.8   187.9   148.8   198.7   211.1   313.6   385.0   417.2   437.1   458.4   483.2   519.1   605.5  1259.8  8104.1  26089.1    26212
read      314.5   139.7   148.8   193.9   205.8   290.6   339.9   368.2   391.0   419.8   458.0   508.5   605.8  1322.2  4286.7  69160.4    69487
read      340.1   188.6   148.8   196.1   208.4   306.5   386.0   426.9   452.1   477.6   505.3   543.1   626.5  1189.9  8422.4  29401.1    29507
read      332.3   159.9   148.8   196.5   208.5   296.1   356.3   397.2   431.3   470.1   512.2   561.5   661.2  1260.0  5735.3  51330.2    51412
read      328.5   191.2   148.8   197.5   209.7   296.5   349.0   382.1   409.0   445.8   491.3   548.2   651.3  1600.7  7598.0  67227.6    67374
read      337.6   218.3   148.8   197.7   210.0   304.0   362.2   398.6   429.7   467.3   509.3   564.3   676.0  1572.6 11396.8  55176.7    55125
read      327.6   198.8   148.8   195.7   207.7   296.3   351.9   387.0   414.9   449.0   488.6   539.7   638.6  1341.8  8660.6  53069.1    53048
read      337.4   279.2   160.7   204.8   218.7   329.7   368.0   386.4   398.3   413.0   430.7   460.0   528.8  3425.5 13454.5  12183.6    12192
read      341.9   200.2   148.8   196.2   208.8   310.8   378.9   419.8   447.3   475.3   506.9   549.4   664.7  1395.3  8979.6  36084.0    36138
read      328.4   183.4   148.8   197.3   209.4   301.3   353.7   385.1   410.3   442.8   483.6   535.8   628.8  1839.6  7864.3  60593.5    60799
read      338.4   260.9   148.8   194.3   206.5   304.5   370.4   412.1   439.7   468.0   500.2   542.9   638.3  3111.5 13997.1  36050.9    36368
read      332.9   201.8   148.8   194.6   206.7   300.8   364.1   404.5   432.8   463.2   497.2   541.0   641.4  1681.9  8008.8  39803.6    39729
read      316.9   160.4   148.8   196.0   208.2   293.8   341.2   368.0   388.8   414.6   450.1   502.9   623.7  1942.1  5357.7  95738.5    95693
read      333.5   180.5   148.8   196.0   207.9   295.1   361.8   408.9   441.0   473.8   508.8   552.7   647.1  1397.1  6589.6  40924.4    40999
read      327.2   192.4   148.8   197.8   209.7   295.9   347.6   380.0   406.7   442.6   486.8   542.3   641.8  2158.3  7770.7  65050.9    65037
read      337.6   201.2   160.7   204.9   218.3   335.0   375.8   395.0   407.7   423.5   440.9   468.9   551.3  1794.4  8384.5  12701.8    12633
read      337.8   166.0   148.8   198.0   210.5   303.9   361.4   402.5   437.9   478.2   521.1   572.6   657.3  1316.8  6594.8  49968.7    50117
read      335.7   181.2   148.8   199.4   211.4   300.4   355.1   392.4   424.6   467.2   520.6   579.8   670.4  1172.4  8030.2  62781.1    62765
read      361.7   240.4   160.7   214.3   228.9   358.6   404.7   424.8   437.4   454.8   472.3   502.8   575.2  2865.6 12150.0  12368.7    12379
read      345.4   202.0   148.8   199.1   211.5   307.1   368.0   413.6   451.7   495.5   539.9   589.8   677.3  1293.8  8844.1  49238.9    49369
read      348.4   200.9   148.8   199.7   212.3   309.3   377.5   428.9   463.1   499.4   536.4   581.9   667.8  1275.5  9725.8  39186.9    39111
read      337.5   199.9   148.8   197.5   209.7   300.2   357.7   397.6   432.8   474.7   521.7   573.9   664.4  2127.8  8469.8  52472.7    52692
read      344.7   166.7   148.8   198.1   210.5   315.3   399.1   434.6   456.7   479.6   504.4   540.6   619.2  1825.4  7864.8  24473.1    24539
read      328.2   148.0   148.8   196.5   208.7   297.5   351.2   385.0   412.7   450.8   497.3   552.5   640.8  1404.4  3998.2  61426.2    61591
read      328.5   179.1   148.8   194.6   206.6   297.2   356.5   394.4   425.2   459.1   496.4   542.2   630.6  1110.6  8122.7  47769.1    47864
read      349.7   333.3   148.8   202.1   214.2   338.3   390.6   414.3   429.6   447.3   467.3   500.1   582.4  2950.5 12416.2  16606.5    16479
read      320.1   182.8   148.8   197.3   209.3   296.6   344.5   371.2   392.6   419.2   454.7   503.3   621.0  1807.1  7031.3  75321.5    75268
read      337.2   244.0   160.7   215.1   232.2   330.8   361.1   375.4   387.4   399.4   417.2   444.1   543.8  1885.2 11603.3   8733.1     8714
read      346.1   191.7   160.7   210.4   226.2   340.5   380.7   399.5   413.2   428.2   447.9   476.8   564.6  3358.2  7830.9  12932.0    13002
read      321.2   175.5   148.8   196.9   209.3   300.5   348.3   374.2   395.2   420.7   454.0   502.5   625.3  1565.7  6597.4  77124.7    77147
read      328.4   152.0   148.8   193.2   205.1   302.8   362.0   396.1   421.3   449.3   481.6   529.5   646.6  1705.1  4483.7  43702.9    43518
read      334.4   231.7   148.8   194.4   206.7   310.0   378.8   409.8   429.7   451.7   476.7   515.6   631.7  1661.6  7634.2  27318.9    27206
read      325.2   179.7   148.8   194.3   206.4   299.5   353.0   384.5   408.0   437.4   471.7   522.5   667.7  1280.1  7051.4  55791.6    55859
read      329.6   191.9   148.8   193.9   205.8   305.8   365.1   398.7   422.2   447.8   477.4   523.4   645.7  1046.8  8107.5  37507.6    37448
read      331.7   224.8   148.8   194.5   206.7   307.0   363.7   397.2   422.4   450.7   484.4   536.7   673.8  1233.3  7661.9  44848.0    45026
read      315.4   167.9   148.8   195.7   207.6   293.2   339.4   364.8   383.7   406.6   438.2   490.4   620.8  2004.6  7994.6  99776.0    99974
read      319.1   133.3   148.8   194.0   205.7   295.7   346.1   374.0   396.6   424.4   459.8   508.9   650.6  1464.4  4087.4  64396.0    64632
read      330.7   219.0   148.8   194.9   206.9   304.0   359.4   392.2   417.3   445.8   480.0   528.7   677.5  1520.8 11218.5  49120.0    49061
read      328.8   479.3   148.8   198.3   210.2   302.2   353.2   381.3   402.0   429.1   464.3   518.2   661.0  2332.5  5917.6  80282.9    80418
read      346.5   387.4   160.7   201.7   213.8   328.6   375.1   395.9   410.2   427.1   449.2   486.9   626.2  6719.1 15937.8  16551.6    16471
read      330.6   160.6   148.8   195.0   207.0   303.3   366.2   402.6   427.4   453.6   483.5   527.9   656.6  1445.3  5434.4  35518.9    35694
read      338.2   257.2   160.7   205.0   218.5   330.5   371.3   391.4   404.1   421.3   440.4   475.1   580.1  2530.1 15495.6  14022.9    13935
read      325.2   167.7   160.7   202.5   213.6   298.5   348.2   376.2   397.8   425.3   461.4   515.9   659.1  1844.7  6466.8  79880.0    79838
read      323.3   140.5   160.7   197.3   208.9   298.1   349.3   383.0   409.3   441.8   479.4   526.2   622.3  1094.2  7197.2   4416.7    48842

Total QPS = 50022.4 (48021524 / 960.0s)

Total connections = 64
Misses = 0 (0.0%)
Skipped TXs = 0 (0.0%)

RX 11861316428 bytes :   11.8 MB/s
TX          0 bytes :    0.0 MB/s
Warning! Detected max cpu usage > 95%
CPU Usage Stats (avg/min/max): 99.96%,50.00%,100.00%
