#type       avg     std     min      p5     p10     p50     p67     p75     p80     p85     p90     p95     p99    p999   p9999      QPS   target       ts_start         ts_end
read      265.0   220.6   148.8   185.7   193.1   240.9   270.0   288.7   303.4   321.8   347.1   383.7   462.2  2764.3  9216.2  29943.0    30000  1683873643154  1683873653333
read      266.0   218.1   148.8   189.2   196.7   244.9   272.4   290.6   304.7   321.7   345.6   378.9   449.5  1930.8 11049.9  30057.0    30005  1683873654842  1683873664961
read      267.9   210.6   148.8   187.9   195.0   245.5   275.0   294.2   309.4   327.7   353.0   388.8   457.8  2122.8  9487.0  30027.8    30010  1683873666472  1683873676581
read      263.8   207.6   148.8   187.8   194.9   242.4   269.8   287.8   301.8   319.7   345.1   381.2   452.8  2035.6  9043.6  29919.4    30015  1683873678090  1683873688203
read      264.1   193.3   148.8   188.0   194.9   242.7   270.9   289.3   303.4   320.7   345.2   379.1   447.1  2174.7  8283.2  30123.6    30020  1683873689713  1683873699825
read      266.3   223.1   148.8   187.6   194.4   243.7   272.5   291.0   305.3   322.4   346.8   382.5   455.1  2851.0 10253.8  29995.0    30025  1683873701333  1683873711438
read      264.1   198.1   148.8   188.1   195.4   243.8   271.1   288.6   301.8   318.9   343.6   378.3   446.0  2044.0  9090.5  30158.3    30030  1683873712946  1683873723050
read      263.3   223.5   148.8   186.7   193.9   242.1   270.4   288.2   301.6   318.8   342.8   376.9   448.4  2054.4 10505.2  29924.4    30035  1683873724562  1683873734670
read      263.4   225.9   148.8   185.5   193.0   240.6   268.6   286.3   299.7   317.4   341.5   375.2   451.5  2948.1  9567.7  30023.0    30040  1683873736179  1683873746281
read      263.4   189.4   148.8   185.8   193.4   243.1   271.8   290.1   304.2   321.3   346.1   381.4   451.7  1715.4  8685.5  30092.0    30045  1683873747788  1683873757893
read      266.2   202.8   148.8   188.8   195.8   244.7   273.3   291.7   306.3   324.4   349.0   384.6   451.7  2142.1  8909.4  29983.9    30050  1683873759402  1683873769511
read      262.5   175.7   148.8   188.2   195.1   242.2   269.4   286.8   299.9   317.8   342.3   376.7   450.1  2160.4  7998.6  30031.8    30055  1683873771017  1683873781124
read      265.7   187.2   148.8   187.9   195.1   245.7   274.4   292.7   307.0   324.1   348.5   383.4   450.2  1955.7  8623.2  30105.8    30060  1683873782632  1683873792744
read      264.3   200.3   148.8   186.9   194.0   243.1   272.5   290.9   305.0   321.3   345.2   381.7   458.6  2022.9 10358.3  30101.2    30065  1683873794253  1683873804356
read      261.3   210.1   148.8   186.3   193.4   239.4   266.7   284.0   296.8   315.3   340.2   375.6   447.3  2342.1  8880.6  30101.1    30070  1683873805864  1683873815974
read      262.8   203.8   148.8   188.1   194.9   241.6   269.0   286.3   298.8   316.2   339.9   374.6   450.4  2165.7  9891.2  29952.7    30075  1683873817482  1683873827609
read      263.2   259.0   148.8   182.8   191.1   239.0   268.2   286.3   299.7   317.8   342.4   378.7   451.3  3421.4 12025.5  30097.2    30080  1683873829118  1683873839226
read      260.7   202.8   148.8   184.6   192.3   238.9   267.1   284.8   297.7   315.5   339.2   374.2   447.5  2253.1  8121.0  30114.9    30085  1683873840736  1683873850844
read      262.4   223.7   148.8   185.6   193.0   239.7   267.4   284.7   297.4   315.4   339.1   373.4   451.4  2966.5 10093.6  30148.8    30090  1683873852355  1683873862474
read      263.1   235.6   148.8   183.6   191.8   240.0   268.5   286.4   299.9   318.0   342.7   377.2   448.6  2916.3 10216.2  30048.5    30095  1683873863980  1683873874090
read      263.2   191.5   148.8   185.6   193.3   242.5   270.3   288.0   301.3   318.8   343.7   379.0   449.0  2405.8  8581.7  30124.8    30100  1683873875600  1683873885708
read      265.2   201.7   148.8   187.8   194.9   244.2   272.6   290.6   304.4   320.7   345.3   382.0   455.4  2116.8  8751.4  30074.9    30105  1683873887216  1683873897326
read      266.4   199.5   148.8   187.6   195.1   245.9   273.8   292.0   306.1   322.9   346.3   382.0   459.2  2548.2  7901.9  30166.4    30110  1683873898834  1683873908941
read      266.1   199.6   148.8   187.2   194.4   245.3   273.8   292.3   306.9   324.5   348.7   385.6   461.1  1923.2  8492.5  30030.5    30115  1683873910450  1683873920567
