Random waveform, supplied seed
Total number of intervals = 96 (7434, 67201, 85927, 63953, 31595, 87879, 7287, 62295, 6561, 22532, 60653, 59076, 60154, 22964, 8172, 27652, 37594, 24367, 33771, 84944, 85666, 51918, 34406, 28664, 38289, 20658, 13840, 93419, 98284, 71313, 42089, 46458, 30755, 42889, 93552, 65694, 29574, 51355, 67361, 16287, 81508, 87619, 99068, 51267, 11822, 97494, 97350, 55460, 85984, 82043, 52873, 13911, 49984, 9274, 27187, 18735, 86505, 93039, 75999, 32324, 84255, 81759, 37291, 53818, 30297, 31569, 38927, 10652, 98119, 48176, 34929, 69735, 20753, 84642, 42333, 61587, 77998, 97625, 23781, 66723, 31016, 47394, 95335, 5252, 65908, 16889, 42912, 99898, 26385, 22616, 50605, 90283, 26273, 48521, 34058, 75648)
Average QPS expected = 51748
Timestamp start: 1684943037480
Timestamp end: 1684943997878

#type       avg     std     min      p5     p10     p50     p67     p75     p80     p85     p90     p95     p99    p999   p9999      QPS   target
read      504.9  1273.4   160.7   219.8   239.9   377.6   428.3   457.5   478.7   504.7   542.3   629.5  3812.4 27914.5 38920.6   7378.3     7434
read      350.7   356.7   160.7   203.7   214.4   296.7   350.7   386.0   415.2   453.8   501.3   575.1  1244.3  4306.0 10756.7  67034.7    67201
read      337.2   314.3   160.7   202.0   212.5   296.1   345.4   375.6   399.8   431.5   474.3   542.7   833.0  3502.8 12003.5  85932.4    85927
read      348.3   326.3   160.7   201.4   212.0   298.9   356.5   393.0   421.9   458.5   503.4   571.8  1006.0  3856.2 10899.4  63898.8    63953
read      383.5   441.1   160.7   200.7   211.7   317.3   407.9   449.9   476.9   506.7   547.5   657.5  1183.2  6527.4 15838.2  31584.4    31595
read      357.3   385.2   160.7   205.1   217.4   305.3   356.6   388.4   413.5   446.4   492.8   576.9  1379.8  4097.7 12819.9  87910.6    87879
read      494.3  1343.1   173.5   218.5   236.9   358.7   407.3   433.9   455.7   481.5   517.7   625.1  3770.8 30128.5 36898.6   7277.7     7287
read      359.7   422.6   148.8   204.4   215.7   303.5   362.5   400.2   430.7   468.3   514.5   588.7  1191.4  4487.8 15981.5  62228.8    62295
read      479.6  1243.2   160.7   223.9   247.3   358.4   402.9   427.5   446.1   469.3   503.7   591.0  3431.4 28101.5 39026.0   6563.7     6561
read      515.5   974.1   160.7   207.7   222.3   395.8   496.3   570.7   622.0   676.7   743.7   869.4  3014.2 12995.7 35790.6  22507.2    22532
read      353.0   421.0   160.7   201.4   212.0   301.7   362.1   399.9   430.2   467.0   512.1   584.9  1154.3  3456.9 10196.2  60747.9    60653
read      347.5   316.4   148.8   202.7   213.1   298.8   357.9   396.6   427.2   463.8   507.4   570.3   938.8  3723.1 12855.3  59012.2    59076
read      346.7   280.0   160.7   203.6   214.3   300.7   360.1   397.9   428.1   464.2   507.9   573.8   923.5  3194.4 11133.0  60258.4    60154
read      510.0  1043.1   160.7   200.8   213.0   385.2   478.9   546.7   600.8   658.4   730.1   855.8  3164.3 10706.0 36878.5  23034.3    22964
read      500.5  1301.5   160.7   218.0   235.8   372.9   427.6   457.0   477.4   501.1   536.0   626.3  3587.4 29516.2 36495.9   8175.8     8172
read      503.4   920.8   160.7   203.1   215.0   381.9   485.3   557.7   619.7   687.5   769.4   910.1  2681.4 10805.5 36024.0  27651.4    27652
read      359.3   413.2   160.7   199.7   210.4   303.0   381.4   427.0   456.2   486.6   521.2   577.0   996.3  4054.4 15557.6  37730.0    37594
read      513.1   989.2   160.7   200.9   212.8   387.1   485.7   557.0   615.3   680.2   760.1   908.8  3010.5 14525.7 33706.6  24364.6    24367
read      362.8   456.8   160.7   197.7   208.7   305.7   388.0   430.9   458.3   487.0   520.1   577.2   994.0  4807.6 18745.2  33661.3    33771
read      324.2   241.6   160.7   200.6   211.3   291.1   339.1   367.6   390.3   419.1   458.4   516.9   700.9  2520.9  9060.1  85081.8    84944
read      345.3   294.2   160.7   205.6   218.0   303.0   354.0   385.8   410.6   443.0   487.0   556.3   850.5  3832.4  9481.9  85510.4    85666
read      347.2   304.3   160.7   199.9   210.8   299.7   362.2   403.2   435.2   471.6   512.6   573.3   873.0  3516.8  9651.7  51875.8    51918
read      353.7   299.1   160.7   199.6   210.3   304.3   384.1   427.8   455.1   483.5   515.4   566.6   920.2  3397.4  9126.7  34388.4    34406
read      463.7   793.4   160.7   199.8   211.4   350.9   446.8   497.3   542.0   615.9   719.9   869.1  2480.2  9553.3 31589.8  28616.4    28664
read      363.2   387.8   160.7   198.2   209.1   302.0   378.9   425.9   456.6   489.1   527.7   593.0  1091.9  4570.2 12049.3  38245.7    38289
read      525.8  1062.9   160.7   207.7   221.7   392.2   490.3   557.7   604.9   652.8   716.3   839.1  3501.0 13742.0 37230.4  20521.5    20658
read      511.7  1182.4   160.7   204.0   218.2   388.8   475.7   519.5   547.2   580.7   625.0   724.0  3944.1 20121.9 36147.9  13818.6    13840
read      366.6   507.2   160.7   205.7   218.3   306.6   353.8   382.2   404.3   435.7   482.0   566.8  1607.0  5048.6 27706.2  93293.2    93419
read      333.9   331.8   160.7   203.2   214.0   295.1   341.0   368.0   389.5   417.2   456.8   520.7   792.2  3715.4 12576.2  98070.2    98284
read      340.1   350.7   160.7   201.1   211.5   294.3   348.6   384.5   413.8   452.6   500.7   564.3   805.6  3294.1 14133.5  71372.9    71313
read      361.5   341.4   160.7   202.2   212.8   305.5   382.7   434.0   467.6   502.2   540.7   596.5   969.9  3349.4 14165.1  42192.3    42089
read      353.9   368.6   160.7   201.3   211.7   299.2   369.3   416.8   451.4   488.2   528.8   585.1   903.1  3661.4 11148.2  46560.9    46458
read      458.3   819.3   160.7   202.9   214.0   335.4   440.5   491.8   527.5   576.1   679.8   881.1  2465.7 10400.1 31932.6  30823.6    30755
read      363.9   300.6   160.7   203.5   214.2   302.9   381.6   440.1   480.4   521.2   565.2   624.8   917.7  3473.2 10093.8  42886.6    42889
read      336.2   305.0   160.7   203.0   213.4   295.5   343.9   372.7   396.4   427.2   470.4   541.3   795.8  3683.8 10075.6  93442.1    93552
read      345.8   282.5   160.7   202.3   212.7   296.2   352.4   391.9   426.7   473.1   528.7   598.6   828.3  3183.6  9282.7  65799.0    65694
read      455.8   807.8   160.7   199.6   211.0   338.9   438.4   487.0   523.2   579.2   689.3   872.0  2608.0  9607.3 32059.4  29610.5    29574
read      357.3   365.7   160.7   202.3   213.1   308.7   372.5   412.7   443.8   481.1   524.4   586.7   949.4  4000.7 12697.9  51340.4    51355
read      346.3   411.8   160.7   202.5   213.0   300.8   357.0   392.3   420.7   457.0   502.8   569.8   883.5  3434.9 14114.1  67338.7    67361
read      514.7  1104.9   160.7   201.4   214.8   394.7   479.4   532.6   567.7   605.8   653.3   748.4  3920.6 12730.6 33740.2  16261.3    16287
read      349.2   660.4   160.7   204.0   215.4   300.5   352.1   383.3   407.5   440.3   485.7   559.2  1184.7  3884.3 11496.0  81524.6    81508
read      344.2   852.9   160.7   202.9   213.8   299.3   349.7   380.0   402.8   433.7   475.7   543.8   801.7  3972.2 15859.7  87623.6    87619
read      342.6   348.9   160.7   204.2   216.0   303.3   351.9   380.6   402.4   431.9   471.8   540.4   797.4  4182.3 13351.2  99207.5    99068
read      351.5   330.5   160.7   199.2   210.3   307.3   370.0   407.8   438.3   473.8   515.0   578.9   924.8  3181.3 12064.6  51125.3    51267
read      502.0  1254.1   160.7   201.0   215.3   373.1   448.2   488.7   514.5   543.4   584.2   672.5  3845.4 26377.2 37413.4  11837.8    11822
read      369.0   379.7   160.7   204.2   216.5   310.8   361.4   391.7   415.9   448.2   495.3   590.4  1676.0  3935.2 10738.0  97347.0    97494
read      348.2   330.6   160.7   204.8   217.5   308.9   357.9   387.3   409.7   438.6   479.9   547.8   840.8  3872.5 10729.5  97333.7    97350
read      354.5   308.0   160.7   201.0   212.1   310.0   372.2   410.1   439.7   474.8   518.7   587.0  1018.2  3171.5 12143.8  55524.7    55460
read      343.5   272.7   160.7   203.6   215.2   305.1   356.7   387.5   411.2   442.1   484.9   555.6   846.1  3233.6  9305.0  85825.3    85984
read      343.5   385.9   160.7   203.1   214.1   302.0   352.6   383.1   406.1   437.1   479.6   549.6  1016.0  3237.0 10612.1  82055.1    82043
read      359.7   373.7   160.7   199.1   210.5   310.3   372.9   411.6   441.8   478.0   522.8   590.6  1069.7  4820.2 15247.7  52877.8    52873
read      515.8  1210.1   160.7   197.5   211.1   378.3   465.0   519.3   554.7   594.1   648.0   762.3  3863.5 15946.5 35931.8  13986.4    13911
read      373.3   756.3   160.7   198.2   209.5   308.7   373.9   417.0   449.2   486.3   532.5   616.3  1321.0  6035.7 27898.8  49921.9    49984
read      521.6  1322.7   160.7   205.5   222.6   366.1   434.3   473.1   500.2   532.7   579.3   696.7  4379.8 28741.4 37100.9   9270.0     9274
read      494.0   864.4   148.8   196.3   208.6   357.2   459.6   520.7   587.6   689.0   802.7   965.7  2949.2 10075.6 31772.6  27287.4    27187
read      546.1  1191.0   160.7   196.6   209.4   391.3   492.8   571.3   623.1   679.8   748.7   881.4  4240.5 15485.1 36993.5  18742.3    18735
read      356.5   366.8   148.8   201.2   213.0   308.4   362.9   395.6   421.5   454.0   498.3   576.0  1142.2  5038.3 12063.4  86402.6    86505
read      348.5   353.1   148.8   201.4   213.2   306.7   358.1   389.3   413.1   443.5   486.1   559.9   870.3  3936.1 12669.4  92907.0    93039
read      344.8   299.4   160.7   199.8   211.1   302.3   356.8   389.1   413.8   445.8   490.1   565.5  1014.9  3143.9 10777.4  76035.3    75999
read      383.6   468.6   160.7   195.5   207.2   318.3   397.7   440.1   469.0   501.7   546.5   669.4  1303.3  5378.3 19289.1  32358.6    32324
read      355.9   359.1   160.7   201.8   213.4   309.6   364.7   397.6   423.7   456.2   500.7   581.4   984.4  4338.7 10637.1  84380.9    84255
read      346.0   307.7   160.7   200.5   212.1   305.9   360.7   392.8   417.1   447.4   489.0   561.0   873.1  3541.2  9070.6  81449.3    81759
read      349.1   236.4   148.8   198.3   209.8   315.3   381.0   417.9   443.1   471.2   507.2   567.8   841.6  2773.9  9904.4  37377.1    37291
read      344.5   236.6   148.8   197.7   209.2   311.9   371.9   405.2   430.9   461.1   500.0   567.1   815.4  2121.9  7981.3  53900.1    53818
read      406.0   393.3   148.8   199.1   210.8   331.6   417.8   462.8   497.1   545.1   664.1   895.8  1199.9  4110.3 15467.9  30322.8    30297
read      373.0   416.5   148.8   197.9   209.3   320.1   396.4   438.1   466.5   497.4   537.6   619.3  1083.6  4892.2 19710.2  31656.9    31569
read      360.4   269.7   160.7   199.4   210.7   317.6   386.0   427.5   457.0   490.3   530.9   592.7  1040.6  3067.0 10279.4  38871.4    38927
read      435.4   802.6   160.7   207.9   224.1   361.1   416.4   453.3   484.8   524.4   577.6   673.2  1915.9  9544.9 32230.9  10652.6    10652
read      349.8   287.4   148.8   206.7   220.3   314.4   364.7   394.6   417.9   447.3   488.3   557.3   801.3  3308.2 10412.8  97790.1    98119
read      362.1   340.8   160.7   198.4   209.8   316.5   379.5   418.3   448.6   484.8   531.1   605.2  1080.0  3878.1 11564.7  48232.4    48176
read      374.3   378.6   160.7   203.4   215.1   324.1   399.7   443.5   473.1   504.4   542.8   610.8  1051.5  4016.4 14242.7  34947.5    34929
read      361.3   320.1   160.7   204.5   217.3   315.4   374.1   409.1   436.5   471.4   518.9   598.6  1120.1  3390.4 12055.5  69580.3    69735
read      365.5   371.2   160.7   201.9   212.4   340.5   407.2   436.4   456.0   476.9   502.9   546.8   862.4  3902.5 12836.0  20751.1    20753
read      355.3   296.7   160.7   205.8   218.8   313.9   367.7   399.7   425.6   458.1   501.8   576.4   919.1  3389.5  8552.8  84495.5    84642
read      367.8   312.1   160.7   202.2   213.3   319.6   392.2   436.4   468.8   505.2   547.8   616.3  1038.0  3178.0 12670.3  42390.1    42333
read      356.0   363.5   160.7   200.8   211.8   306.6   370.3   409.1   440.5   478.7   525.8   593.8   993.7  3856.2 15639.1  61611.0    61587
read      347.6   340.3   160.7   197.5   208.9   300.9   357.1   390.1   416.1   449.9   496.2   572.9  1120.5  3443.3 12289.5  77948.1    77998
read      342.5   360.5   160.7   197.4   208.9   299.0   350.6   381.1   404.0   434.7   477.9   550.8   926.6  3912.0 13932.8  97426.3    97625
read      365.5   348.8   160.7   194.5   205.6   326.9   403.6   436.2   458.9   483.8   513.1   572.1  1001.1  4252.7  9547.2  23788.0    23781
read      350.2   318.1   148.8   197.4   208.7   302.4   361.5   396.7   425.5   462.4   511.0   588.0  1155.2  3637.6  8742.7  66754.8    66723
read      362.0   390.1   148.8   198.3   209.9   314.6   396.5   436.1   462.2   490.3   523.5   576.1   875.3  4389.9 16646.7  30975.4    31016
read      338.3   204.5   148.8   195.8   207.6   309.6   371.9   407.1   432.6   461.1   494.3   542.9   709.8  1597.5  8330.6  47413.7    47394
read      314.0   160.4   148.8   196.3   207.7   290.8   338.9   366.0   386.4   410.7   443.8   494.8   613.9  1777.8  4873.0  95412.9    95335
read      330.6   460.8   160.7   226.1   246.0   304.2   327.6   340.4   349.5   363.7   380.3   405.4   529.7  5384.0 26116.8   5278.6     5252
read      337.4   215.5   148.8   197.1   208.8   309.1   367.5   398.8   422.3   449.8   484.3   539.0   731.7  1879.8  9727.0  65618.1    65908
read      342.6   237.2   160.7   203.4   215.3   339.3   386.9   406.5   420.5   434.5   455.7   487.0   585.3  1896.1 10379.3  16846.0    16889
read      338.2   215.2   148.8   197.3   209.0   310.0   372.0   406.4   430.6   457.0   487.8   534.0   687.2  1905.9  9281.5  42934.2    42912
read      316.9   168.2   148.8   201.2   212.2   294.2   340.3   367.0   387.1   410.9   442.6   493.0   612.6  1688.0  7654.0  99799.5    99898
read      340.5   206.6   160.7   200.0   211.5   319.8   392.4   421.2   438.8   458.1   480.5   512.2   606.2  1420.4  8631.7  26461.3    26385
read      349.0   288.2   160.7   204.1   216.3   332.0   397.4   423.5   439.8   458.3   479.7   509.7   622.2  2919.1 11275.6  22629.3    22616
read      338.3   216.1   148.8   199.9   211.4   307.2   369.1   406.1   432.3   460.6   493.0   539.3   682.7  1697.6  9518.5  50604.9    50605
read      318.0   189.3   148.8   197.4   208.7   292.6   342.2   370.3   391.7   417.4   450.8   500.8   629.6  1736.2  7881.0  90133.0    90283
read      344.4   255.8   160.7   199.0   210.6   320.9   391.6   421.1   439.3   459.3   483.5   520.2   640.4  2874.4 12247.0  26283.3    26273
read      336.5   237.6   148.8   196.2   207.8   305.5   367.0   402.7   428.7   457.3   490.5   539.0   705.7  1579.0  8951.3  48480.8    48521
read      343.3   229.5   148.8   199.2   211.0   316.4   385.3   418.9   440.2   463.4   491.7   535.2   682.0  1859.0  9967.4  34128.2    34058
read      325.3   210.6   148.8   199.4   210.5   297.3   349.6   379.6   401.9   429.4   462.6   509.3   650.6  1862.5  7940.3  75563.5    75648

Total QPS = 51730.1 (49660856 / 960.0s)

Total connections = 64
Misses = 0 (0.0%)
Skipped TXs = 0 (0.0%)

RX 12266231679 bytes :   12.2 MB/s
TX          0 bytes :    0.0 MB/s
Warning! Detected max cpu usage > 95%
CPU Usage Stats (avg/min/max): 99.94%,46.97%,100.00%
