#type,avg,std,min,p5,p10,p50,p67,p75,p80,p85,p90,p95,p99,p999,p9999,QPS,target
read,502.2,1265.2,160.7,226.3,250.2,373.4,419.8,445.0,464.4,489.5,524.5,623.2,4077.3,24561.3,37626.8,7431.5,7434
read,341.2,316.4,148.8,195.2,206.6,290.8,351.3,388.9,417.6,453.8,499.7,563.1,1034.1,3730.5,9488.4,67239.9,67201
read,328.0,318.0,148.8,195.2,206.5,285.7,339.6,372.4,397.5,428.6,469.6,533.3,746.8,3439.9,11739.1,85941.1,85927
read,351.9,421.8,148.8,196.5,208.1,296.2,361.0,399.1,429.3,465.6,510.9,575.1,931.1,5214.0,13415.4,64033.1,63953
read,441.3,629.9,148.8,200.7,213.5,353.2,443.8,495.5,532.7,581.7,662.6,849.4,1841.8,7432.8,30970.6,31700.9,31595
read,330.5,347.5,148.8,195.0,206.4,284.2,335.9,367.3,391.5,421.6,462.4,526.6,959.0,4098.4,11310.4,87825.4,87879
read,521.3,1441.9,160.7,225.3,249.3,364.4,410.0,434.9,454.5,476.5,509.3,624.9,4769.2,30131.2,37860.6,7269.2,7287
read,348.5,351.5,148.8,195.0,206.6,294.2,357.3,395.3,425.5,463.3,510.4,576.4,1145.3,3981.2,15292.8,62195.2,62295
read,504.7,1476.3,160.7,228.2,252.0,357.7,399.2,422.3,437.7,460.1,492.4,583.0,4164.7,29556.8,40572.4,6525.6,6561
read,528.7,1156.1,148.8,204.1,219.1,395.7,494.2,554.3,597.0,639.8,701.6,869.1,3614.9,16779.9,37132.1,22581.9,22532
read,342.9,300.1,148.8,194.8,206.2,293.8,357.9,396.0,425.8,462.7,508.1,568.3,977.8,3822.3,9382.5,60631.7,60653
read,337.7,280.0,148.8,194.7,206.1,293.8,357.7,395.3,424.8,460.9,504.7,559.6,745.6,3199.0,8964.1,59044.3,59076
read,343.2,402.4,148.8,195.4,206.9,295.7,359.7,397.5,426.9,462.7,506.3,563.9,765.4,3404.8,20373.3,60161.4,60154
read,490.2,834.3,148.8,203.3,217.5,389.7,482.2,541.4,584.1,628.1,683.4,837.5,2562.4,9302.6,31949.4,23067.2,22964
read,514.7,1341.5,160.7,224.8,248.2,376.5,425.7,452.5,470.9,496.0,529.4,615.9,4310.9,29443.2,36033.8,8123.9,8172
read,515.1,955.1,148.8,202.5,216.0,390.1,497.0,566.6,615.5,670.1,769.4,927.4,2866.7,12129.5,32496.0,27620.5,27652
read,368.5,501.2,148.8,196.9,209.1,315.7,389.4,432.2,462.9,495.4,531.4,581.7,928.6,6026.8,29163.4,37559.7,37594
read,516.9,1044.6,148.8,202.4,216.5,392.1,491.7,553.9,598.2,644.2,715.1,871.5,3035.2,14541.0,32441.8,24361.8,24367
read,384.3,372.8,148.8,198.4,211.0,332.2,412.0,456.1,485.8,518.7,561.4,658.6,1066.3,4058.8,12067.8,33772.8,33771
read,337.2,323.7,148.8,195.3,207.1,292.4,350.6,385.6,412.0,445.3,489.6,557.0,803.0,3360.1,12381.8,84978.3,84944
read,331.0,337.7,148.8,194.4,205.9,287.9,343.5,376.6,401.8,433.6,476.6,539.5,730.9,3754.5,12546.1,85728.4,85666
read,341.8,333.0,148.8,193.9,205.5,297.2,363.2,402.3,433.3,470.1,512.0,564.7,756.0,2979.9,12467.2,51879.5,51918
read,393.2,498.2,148.8,196.6,209.0,322.9,403.9,451.1,482.6,517.1,562.4,684.6,1405.9,5967.6,21806.9,34400.8,34406
read,496.1,905.0,148.8,198.9,212.4,379.3,485.7,553.1,604.2,658.9,744.9,898.1,2526.4,11896.8,32412.3,28532.1,28664
read,361.8,365.2,148.8,196.0,208.0,312.2,385.4,429.6,460.7,493.5,530.2,582.8,935.4,4319.6,11473.9,38286.5,38289
read,503.6,1010.3,148.8,202.0,216.4,392.1,484.8,540.4,578.4,618.3,667.6,790.1,2968.0,12172.6,32502.6,20671.8,20658
read,522.8,1254.8,148.8,208.1,225.1,391.0,467.9,510.2,537.3,568.6,609.5,701.3,3988.1,25136.0,37100.2,13842.8,13840
read,355.1,773.4,148.8,193.8,205.0,286.9,339.7,368.4,389.8,416.2,454.2,515.2,864.9,12343.4,31498.0,93488.4,93419
read,314.3,282.0,148.8,192.7,203.6,277.6,326.2,355.6,377.5,404.5,442.7,500.7,641.9,3518.1,10804.7,98292.1,98284
read,329.3,291.7,148.8,193.6,204.9,286.3,343.7,378.6,404.9,439.1,484.2,543.3,719.1,3395.8,11337.3,71268.1,71313
read,352.2,268.0,148.8,196.2,208.1,308.8,380.8,424.7,456.2,490.7,529.2,579.8,817.0,2860.1,9896.0,42051.7,42089
read,347.9,349.7,148.8,194.6,206.4,301.9,368.8,410.3,442.3,478.2,517.2,567.0,767.1,3715.7,11643.7,46424.0,46458
read,449.1,722.3,148.8,198.9,211.9,348.5,440.7,492.6,531.0,582.9,669.1,851.4,2217.2,9446.0,31539.7,30711.1,30755
read,348.5,309.7,148.8,195.0,206.8,304.7,373.6,416.3,447.8,482.0,520.1,569.5,767.6,3059.1,10535.3,42935.1,42889
read,317.2,310.0,148.8,192.6,203.7,278.9,328.8,359.1,382.0,410.3,449.0,507.1,646.8,3437.0,11980.3,93690.3,93552
read,334.9,371.3,148.8,193.8,205.1,288.8,347.3,384.0,411.9,447.5,492.7,548.9,753.2,3687.6,13234.0,65688.5,65694
read,465.6,701.8,148.8,199.1,212.4,363.5,464.1,523.0,572.6,635.5,731.8,887.9,2190.0,8454.1,31455.4,29626.2,29574
read,350.5,329.7,148.8,194.6,206.4,299.4,366.1,406.8,438.9,476.4,519.4,577.1,997.4,3852.4,9484.1,51389.2,51355
read,331.7,279.4,148.8,194.0,205.3,289.0,347.5,383.7,410.8,445.9,490.9,547.9,732.2,3270.0,8064.3,67463.6,67361
read,520.9,1228.4,148.8,205.6,222.3,392.0,475.8,524.5,556.2,591.4,635.3,741.0,3835.4,18710.6,37596.5,16208.9,16287
read,331.9,346.0,148.8,194.2,205.5,284.3,338.1,370.9,396.7,429.5,473.7,540.0,964.7,4272.7,9749.7,81531.1,81508
read,323.7,378.0,148.8,193.0,204.1,280.5,333.5,365.8,390.3,420.7,461.6,523.4,679.8,3728.9,15471.2,87607.0,87619
read,322.6,321.2,148.8,193.5,204.7,282.9,334.1,365.1,388.8,418.2,457.7,519.1,704.9,3661.5,12277.1,99042.7,99068
read,345.4,273.0,148.8,194.6,206.3,301.4,370.6,411.9,443.7,480.3,522.6,577.1,799.0,2722.8,8473.4,51273.6,51267
read,501.2,1252.4,160.7,210.0,227.5,382.2,446.7,482.5,507.2,535.2,571.3,638.3,3930.0,27845.5,37705.1,11809.4,11822
read,330.8,487.7,148.8,194.2,205.7,283.3,333.5,362.3,384.2,411.7,451.4,510.5,704.3,6299.4,24157.0,97344.5,97494
read,317.1,316.3,148.8,192.7,203.7,278.8,328.4,358.0,380.2,407.5,445.8,503.9,649.3,3646.0,11157.0,97148.7,97350
read,340.3,338.5,148.8,193.5,205.0,294.2,357.2,395.2,424.7,460.8,504.2,555.8,741.6,4126.3,12438.4,55476.0,55460
read,320.9,308.1,148.8,192.9,203.9,280.4,333.2,365.2,389.6,419.9,460.4,520.0,673.9,3444.4,11908.0,85922.1,85984
read,328.2,312.0,148.8,194.2,205.6,286.6,341.2,373.8,399.1,430.8,472.8,536.5,720.3,3517.5,11671.6,81921.0,82043
read,345.5,337.8,148.8,195.2,206.9,300.0,366.0,405.1,435.6,472.1,513.9,569.1,786.2,3553.3,11961.9,52956.2,52873
read,486.8,1054.5,160.7,207.5,224.8,385.1,457.6,498.6,526.0,555.4,594.5,678.0,3090.1,11046.1,36933.4,13925.6,13911
read,356.0,397.9,148.8,194.4,206.1,300.8,368.7,410.2,443.1,481.7,525.6,585.0,1074.1,4527.3,10969.7,49894.2,49984
read,524.4,1443.4,148.8,215.4,234.7,374.0,429.6,459.0,479.8,504.8,539.8,624.2,4688.7,30557.3,36789.0,9266.2,9274
read,516.3,998.1,148.8,200.2,213.9,385.6,493.9,562.5,611.0,664.4,750.5,906.5,3116.0,13392.2,35294.3,27162.3,27187
read,424.6,396.0,148.8,203.5,218.9,390.6,475.6,525.7,557.4,590.5,628.8,686.6,895.1,4013.2,15541.5,18814.0,18735
read,346.4,501.7,148.8,194.8,206.5,291.5,348.0,381.5,405.8,437.0,480.0,546.0,977.1,6953.6,24344.3,86541.9,86505
read,326.6,351.3,148.8,193.8,205.2,285.9,339.2,371.1,395.7,425.8,465.1,527.4,693.1,3809.3,12882.0,92847.3,93039
read,335.5,300.7,148.8,195.4,207.0,291.7,351.4,387.6,414.4,447.7,491.1,552.5,789.0,3480.2,11278.9,76035.2,75999
read,367.1,477.0,148.8,202.4,214.8,336.3,410.0,450.7,477.7,506.7,539.9,586.7,720.8,2649.9,8772.0,32308.3,32324
read,324.8,428.8,148.8,196.0,207.7,291.0,348.8,382.6,406.8,436.8,476.4,535.5,667.3,1979.9,5667.9,84070.1,84255
read,326.3,302.4,148.8,197.0,208.7,293.6,350.1,382.9,406.6,436.5,475.5,535.0,659.0,2037.4,7954.8,81760.2,81759
read,362.2,255.5,148.8,200.6,212.7,324.5,398.4,441.2,470.8,503.5,539.0,587.1,766.4,2847.1,8064.0,37368.5,37291
read,349.9,342.9,148.8,197.6,209.3,304.5,370.0,408.4,438.3,474.8,517.5,573.0,815.0,3735.4,12406.4,53843.1,53818
read,409.5,277.2,148.8,204.1,217.2,351.4,445.8,496.5,531.6,576.6,649.7,809.8,1087.6,2928.5,8202.3,30224.3,30297
read,394.1,320.4,148.8,202.6,214.9,339.2,425.4,473.2,505.1,541.2,590.8,727.9,1086.1,3843.1,10164.6,31581.9,31569
read,367.7,306.9,148.8,200.5,212.3,322.4,397.2,441.7,473.0,507.4,545.8,604.4,988.2,2897.5,9200.4,38836.1,38927
read,420.6,448.0,160.7,220.0,240.2,389.3,451.7,485.4,507.7,533.0,563.3,612.7,952.6,5083.1,20055.1,10612.1,10652
read,357.1,652.4,148.8,198.5,210.3,300.4,356.6,387.9,410.8,439.6,479.9,545.5,818.2,12172.9,30353.2,97881.0,98119
read,357.1,372.7,148.8,198.7,210.4,311.7,380.3,421.5,452.8,489.2,530.0,583.0,832.0,4067.3,15156.0,48245.2,48176
read,374.1,352.7,148.8,203.7,217.0,336.7,411.0,453.0,481.9,512.3,546.1,593.0,818.1,3396.7,12675.4,35036.0,34929
read,333.1,289.1,148.8,194.8,206.2,289.4,348.5,384.7,411.9,446.6,491.8,549.8,725.8,3470.3,8466.6,69906.6,69735
read,439.8,437.2,148.8,205.0,220.1,398.3,488.6,541.1,578.3,617.2,663.1,746.6,955.7,5110.5,19797.8,20758.6,20753
read,337.3,348.7,148.8,195.7,207.2,289.8,346.3,380.7,406.0,438.5,482.7,548.7,875.3,3853.4,11682.7,84662.7,84642
read,349.9,299.6,148.8,195.6,207.5,306.6,375.1,417.2,448.1,482.3,519.6,566.8,793.6,3520.9,9434.1,42436.2,42333
read,339.8,387.9,148.8,195.6,207.6,299.7,365.8,402.5,430.7,464.2,504.9,558.4,690.9,2865.1,12312.4,61721.4,61587
read,327.0,163.8,148.8,197.8,210.1,296.1,357.5,391.6,416.0,445.4,483.9,538.1,636.8,1195.4,5362.2,78046.4,77998
read,311.1,166.8,137.8,193.6,205.0,282.2,335.8,367.4,390.4,417.3,452.0,503.8,616.1,968.7,7479.8,97809.6,97625
read,358.2,240.0,148.8,204.0,218.2,342.0,406.6,436.6,456.3,477.0,501.7,536.6,608.5,3158.1,8704.8,23788.1,23781
read,328.1,173.7,148.8,194.3,206.3,296.6,361.4,396.6,422.3,452.7,490.5,540.8,634.3,1489.3,7608.5,66645.3,66723
read,356.4,205.5,148.8,201.6,214.4,333.8,403.8,440.6,464.5,490.3,519.2,556.3,637.7,1844.5,7818.1,31051.9,31016
read,347.0,196.6,148.8,196.8,209.3,317.2,388.3,426.9,455.1,486.6,522.4,569.7,663.6,1379.7,7680.3,47417.4,47394
read,307.0,155.7,148.8,192.5,203.7,278.1,330.6,362.0,384.6,410.8,445.0,496.0,598.2,1188.0,5965.3,95427.7,95335
read,348.6,342.7,160.7,243.1,262.0,327.8,352.1,366.3,375.4,389.6,403.8,432.1,533.8,5849.0,11737.5,5250.6,5252
read,334.4,202.3,148.8,196.0,208.2,304.8,370.3,404.2,429.6,459.5,496.7,546.0,640.0,1237.0,7748.9,65652.8,65908
read,362.0,268.3,148.8,211.5,227.7,353.2,403.2,426.4,441.8,459.5,480.7,510.2,588.3,3434.3,11596.9,16861.9,16889
read,349.6,202.6,148.8,197.7,210.4,321.5,390.2,429.0,456.9,487.5,522.1,568.4,664.7,1608.1,8155.7,42898.2,42912
read,306.1,153.7,148.8,192.5,203.8,278.3,329.8,360.6,382.8,408.5,442.5,493.6,594.4,965.4,5497.1,99720.5,99898
read,355.3,200.3,148.8,202.3,215.5,336.7,404.6,438.0,459.3,481.9,506.6,542.0,619.4,1686.4,9090.9,26434.9,26385
read,359.2,192.5,148.8,204.2,218.6,345.5,409.9,439.3,458.4,479.1,503.5,539.2,620.6,1935.4,8031.7,22603.4,22616
read,343.5,188.3,148.8,195.6,207.9,314.1,384.8,422.0,449.2,480.6,517.5,564.6,656.7,1454.2,7799.6,50517.4,50605
read,315.6,169.0,148.8,193.7,205.4,286.1,342.6,374.9,398.5,426.5,462.1,514.6,622.4,1136.4,6246.1,90289.4,90283
read,359.3,254.6,148.8,202.5,215.8,340.7,406.9,439.3,460.5,483.4,508.4,544.2,624.5,2284.6,11872.0,26295.1,26273
read,346.5,185.9,148.8,196.7,209.3,316.5,387.5,426.3,455.0,487.5,524.4,571.9,666.2,1269.0,7938.8,48654.8,48521
read,352.8,190.4,148.8,198.5,211.5,329.3,399.3,437.4,463.1,490.1,519.8,557.4,633.2,1756.6,7392.0,34033.5,34058
read,323.0,174.6,148.8,194.0,205.8,291.5,354.4,389.3,413.8,442.7,479.7,531.6,631.0,1168.8,7638.3,75615.9,75648
read,359.8,256.4,148.8,206.5,221.7,349.3,405.4,431.7,449.5,468.0,492.4,526.1,597.9,2614.4,11222.4,19484.3,19482
read,360.8,225.9,160.7,210.7,227.3,355.7,402.5,424.4,438.5,456.4,476.0,506.2,584.8,2716.6,10225.7,15071.8,15054
read,325.7,170.7,148.8,195.1,207.0,293.5,356.5,391.5,416.5,446.2,484.3,538.6,641.4,1195.8,6252.6,75614.8,75754
read,352.1,357.9,160.7,244.1,263.9,332.4,357.4,370.6,381.0,393.3,406.8,434.4,541.5,4382.5,15269.9,5150.0,5187

Total,QPS,=,50827.5,(50827516,/,1000.0s)

Total,connections,=,64
Misses,=,50827515,(100.0%)
Skipped,TXs,=,0,(0.0%)

RX,152482545,bytes,:,0.1,MB/s
TX,,0,bytes,:,0.0,MB/s
Warning!,Detected,max,cpu,usage,>,95%
CPU,Usage,Stats,(avg/min/max):,99.94%,47.96%,100.00%

Random,waveform,supplied,seed
Total,number,of,intervals,=,100,(7434,67201,85927,63953,31595,87879,7287,62295,6561,22532,60653,59076,60154,22964,8172,27652,37594,24367,33771,84944,85666,51918,34406,28664,38289,20658,13840,93419,98284,71313,42089,46458,30755,42889,93552,65694,29574,51355,67361,16287,81508,87619,99068,51267,11822,97494,97350,55460,85984,82043,52873,13911,49984,9274,27187,18735,86505,93039,75999,32324,84255,81759,37291,53818,30297,31569,38927,10652,98119,48176,34929,69735,20753,84642,42333,61587,77998,97625,23781,66723,31016,47394,95335,5252,65908,16889,42912,99898,26385,22616,50605,90283,26273,48521,34058,75648,19482,15054,75754,5187)
Average,QPS,expected,=,50833
Timestamp,start:,1684686943798
Timestamp,end:,1684687944214
