#type,avg,std,min,p5,p10,p50,p67,p75,p80,p85,p90,p95,p99,p999,p9999,QPS,target
read,521.7,1245.6,173.5,237.6,262.2,396.9,452.0,481.4,502.1,528.0,562.2,647.0,3741.7,28194.4,34750.4,7433.2,7434
read,352.0,313.8,148.8,203.9,214.9,299.7,358.2,397.1,430.8,475.5,530.4,597.9,1007.1,3335.4,11713.7,67047.5,67201
read,339.5,300.4,148.8,204.1,215.0,298.1,351.2,383.4,408.3,442.4,489.9,558.6,753.1,3356.4,10217.9,86015.9,85927
read,361.5,363.5,160.7,204.8,216.6,306.5,369.4,410.9,446.4,491.5,543.9,612.5,969.9,3779.8,10004.0,63933.8,63953
read,400.0,433.8,160.7,205.5,218.2,335.9,427.9,478.1,510.0,542.7,581.9,658.1,1179.9,5189.5,15277.0,31593.0,31595
read,344.3,377.0,148.8,204.2,215.4,298.8,351.1,381.9,405.3,437.0,482.1,550.0,856.0,4554.0,12739.9,87781.2,87879
read,545.1,1447.7,173.5,235.4,259.0,389.3,441.4,469.7,491.9,517.0,549.7,642.2,4646.0,30253.2,37098.6,7278.8,7287
read,360.1,336.8,160.7,203.9,215.2,303.2,365.4,407.0,444.5,491.2,544.3,615.2,1064.7,3868.2,9587.6,62380.3,62295
read,512.9,1253.3,173.5,240.9,266.2,387.1,434.6,462.9,483.5,506.6,540.7,619.2,3828.6,27100.8,36757.6,6613.8,6561
read,564.8,1230.5,160.7,211.5,226.8,409.8,521.3,590.4,639.3,697.7,797.7,938.2,3957.4,15865.0,38044.1,22502.6,22532
read,363.1,358.2,148.8,204.2,215.7,305.8,369.5,413.9,451.6,497.7,549.5,618.6,1063.5,4015.4,12160.4,60632.8,60653
read,358.5,359.5,148.8,203.9,215.2,305.5,368.7,411.6,448.7,493.6,543.4,605.2,848.1,4059.2,12506.5,58980.1,59076
read,356.3,388.9,148.8,203.5,214.7,303.5,365.0,406.2,442.7,487.0,537.3,597.4,827.4,3983.9,14576.7,60252.2,60154
read,521.2,938.6,160.7,211.5,227.1,399.9,503.2,567.8,616.8,671.2,756.9,903.1,2749.1,12610.1,32522.5,23030.9,22964
read,519.6,1232.6,160.7,231.7,255.0,397.0,454.9,485.1,505.2,530.2,561.4,629.1,3920.6,25933.4,36963.1,8155.6,8172
read,519.6,975.3,160.7,208.9,223.2,387.8,494.9,557.2,608.2,674.5,787.5,953.1,3024.2,12248.2,35815.8,27582.4,27652
read,383.8,423.4,160.7,204.7,216.6,323.1,409.2,462.9,498.7,534.2,573.0,627.0,970.3,5362.8,18248.0,37556.9,37594
read,535.4,918.0,160.7,211.5,226.3,404.7,516.5,586.0,638.4,705.7,820.7,971.8,3241.1,10127.8,32230.2,24421.3,24367
read,387.4,410.1,160.7,204.9,217.3,330.7,419.1,469.4,501.8,534.4,571.7,628.3,995.3,4620.2,14541.4,33815.2,33771
read,343.4,333.6,148.8,205.5,217.6,304.9,361.7,395.1,421.5,454.8,499.7,567.2,739.2,3157.0,8084.7,84897.5,84944
read,340.8,265.2,160.7,204.4,215.7,299.9,354.7,387.6,413.3,447.1,494.0,561.9,742.3,3419.9,8312.5,85679.7,85666
read,362.6,331.3,160.7,203.2,214.2,308.4,378.2,428.5,467.8,512.2,558.7,619.5,854.0,3181.1,10209.8,51763.2,51918
read,378.7,396.8,160.7,204.2,216.4,324.7,412.8,464.3,497.8,530.7,566.3,616.1,853.1,3997.7,12409.0,34357.2,34406
read,470.3,749.8,160.7,207.0,220.8,368.2,468.0,521.3,559.0,614.5,712.8,902.1,2161.8,8822.1,32049.4,28642.1,28664
read,373.6,383.4,148.8,203.3,214.5,317.0,398.4,450.4,485.6,522.4,561.1,616.4,953.8,4305.6,12889.0,38279.9,38289
read,513.7,921.0,160.7,210.2,225.5,402.5,502.9,562.0,604.4,649.6,715.5,855.1,3064.2,9434.5,35453.1,20673.2,20658
read,536.0,1157.8,160.7,216.2,232.9,409.2,495.4,538.3,567.2,599.0,639.5,743.4,3957.5,15680.5,37980.1,13870.1,13840
read,341.1,354.8,148.8,203.4,214.0,296.5,346.5,375.0,397.6,426.1,466.0,535.2,1106.3,4582.4,10414.1,93250.8,93419
read,333.9,328.9,148.8,203.6,214.2,296.3,345.9,374.3,396.7,424.9,463.5,528.2,720.5,3689.9,12295.8,98477.7,98284
read,350.8,314.9,160.7,204.6,216.1,303.2,360.8,397.1,427.3,466.3,518.0,586.3,840.7,3929.0,11011.6,71300.8,71313
read,369.1,350.8,160.7,203.2,214.4,314.1,391.8,445.3,483.6,522.8,563.6,617.0,865.2,4040.2,12910.5,42077.3,42089
read,366.0,345.9,160.7,203.4,214.6,311.3,383.4,434.5,474.7,517.4,560.9,616.0,836.0,3542.4,13161.8,46428.6,46458
read,435.5,753.6,160.7,207.1,220.8,349.0,446.9,498.6,531.5,568.6,619.5,751.4,1580.6,8829.3,31146.4,30728.5,30755
read,370.0,401.2,160.7,202.8,213.7,312.0,386.1,438.3,477.1,517.2,558.9,612.2,891.3,4914.5,12628.0,43017.5,42889
read,330.9,311.1,148.8,202.8,213.1,294.0,343.9,372.8,395.6,424.6,464.5,530.4,688.5,3381.0,11228.4,93571.1,93552
read,349.1,362.9,160.7,203.0,213.5,299.8,357.4,395.1,427.4,469.7,524.2,588.5,806.2,3964.7,13541.3,65708.5,65694
read,465.6,740.5,148.8,206.3,220.0,364.4,467.0,520.1,556.4,605.5,689.4,876.5,2224.6,7705.7,31877.7,29491.5,29574
read,362.9,294.1,148.8,202.2,213.0,306.1,374.4,425.4,466.1,512.0,560.3,623.8,1030.5,3543.6,9850.2,51379.8,51355
read,346.7,329.4,160.7,203.2,213.9,298.9,356.6,394.1,426.3,469.4,524.0,588.7,783.8,3145.6,10604.1,67306.9,67361
read,525.3,1117.0,160.7,213.5,230.1,411.9,505.7,556.6,590.1,626.2,673.6,777.8,3513.3,16846.2,35959.9,16253.0,16287
read,360.7,399.9,148.8,203.9,215.0,301.8,356.0,389.7,417.1,454.7,508.8,594.2,1549.0,3667.0,13315.3,81427.7,81508
read,340.9,344.7,148.8,203.9,214.8,299.1,352.1,383.7,407.6,440.0,485.7,551.8,748.5,3671.8,13341.3,87706.0,87619
read,334.2,310.9,160.7,203.4,214.0,296.9,347.5,376.4,398.5,426.6,464.8,528.7,720.3,3581.4,13078.9,98952.8,99068
read,361.0,364.5,148.8,202.7,213.5,306.4,373.8,422.9,462.0,506.3,553.4,610.8,808.8,3805.7,13516.1,51313.4,51267
read,506.2,1037.2,160.7,221.1,239.2,409.1,484.3,523.2,547.8,578.5,616.8,685.5,3467.0,10882.7,38010.5,11877.7,11822
read,354.1,363.9,148.8,205.4,217.7,305.4,357.0,386.9,409.7,439.8,483.2,557.7,1493.7,4032.4,11835.5,97279.0,97494
read,334.9,338.3,148.8,203.5,214.3,297.1,347.3,376.3,398.6,426.9,465.4,530.1,720.4,3649.6,14353.8,97394.2,97350
read,362.1,366.6,148.8,203.5,214.9,309.0,375.2,420.5,458.0,502.8,551.4,613.9,848.4,3583.1,12687.9,55478.4,55460
read,339.0,329.7,148.8,203.1,213.7,296.6,348.9,380.2,404.0,436.1,481.8,549.3,750.1,3946.8,12449.5,85884.3,85984
read,341.5,342.2,148.8,203.3,213.9,296.7,349.2,381.5,406.1,440.1,488.5,559.8,798.4,3986.9,9881.1,82201.7,82043
read,363.5,409.2,148.8,203.1,214.3,308.4,375.4,423.2,461.6,506.7,555.0,615.6,858.7,4169.3,12106.9,52991.9,52873
read,520.4,1153.8,160.7,216.4,233.4,404.7,487.6,530.8,559.4,590.3,630.5,714.7,3742.7,19560.0,37255.2,13908.2,13911
read,372.8,320.1,160.7,203.8,215.5,313.0,385.8,437.7,479.6,524.5,572.8,637.6,1110.0,3808.1,11569.6,49956.7,49984
read,522.3,1181.5,160.7,225.9,246.9,397.6,459.3,491.8,514.0,540.5,577.1,648.1,4244.4,20160.6,37022.3,9276.6,9274
read,513.3,923.0,160.7,208.5,223.0,389.6,496.8,559.6,611.0,676.3,776.6,934.0,2660.2,10734.6,35367.3,27111.9,27187
read,534.7,1086.4,160.7,211.6,228.1,411.4,513.9,573.0,610.7,650.1,704.7,836.7,3500.4,13263.4,32312.7,18690.9,18735
read,345.2,341.2,160.7,203.2,213.8,297.4,348.3,379.0,402.7,435.1,483.4,557.3,1173.3,4255.2,11430.9,86503.8,86505
read,336.8,365.4,148.8,203.6,214.3,296.9,347.9,377.2,400.0,429.4,469.9,536.7,717.8,3608.6,12515.6,93010.0,93039
read,349.1,380.3,148.8,204.2,215.6,302.3,358.3,392.9,421.4,459.3,510.3,581.1,806.4,3754.1,12538.9,76000.3,75999
read,386.1,336.3,160.7,206.0,219.5,335.1,424.1,474.5,507.0,539.0,575.5,627.7,940.2,3348.0,12200.8,32462.6,32324
read,339.8,207.4,148.8,205.0,217.1,304.7,361.4,394.8,421.2,454.8,499.8,567.0,710.9,2096.7,7976.9,84191.4,84255
read,339.9,208.9,148.8,205.1,217.4,305.2,362.1,395.8,422.6,456.6,501.6,568.2,701.6,2024.7,7541.7,81757.9,81759
read,382.6,246.6,148.8,208.3,222.1,339.9,425.0,477.3,511.5,546.2,584.7,635.4,788.6,2519.0,9069.1,37224.8,37291
read,376.4,267.6,160.7,208.6,222.0,327.9,401.1,449.3,487.4,531.1,579.9,640.6,864.9,2959.9,9504.6,53839.8,53818
read,389.2,320.8,160.7,209.4,222.8,340.4,432.0,481.1,511.5,542.0,577.3,626.8,909.9,3311.4,11569.0,30201.8,30297
read,391.4,377.4,160.7,209.1,222.6,339.5,428.6,476.5,507.9,539.7,576.1,627.7,955.3,4338.1,12537.9,31555.2,31569
read,384.2,343.1,160.7,207.6,220.8,332.4,415.3,466.2,500.7,536.4,576.9,633.6,941.7,3892.4,12457.3,38792.8,38927
read,540.4,1294.6,160.7,226.1,247.2,420.7,491.4,528.5,553.3,584.0,624.7,707.1,3958.0,28643.7,37702.2,10583.0,10652
read,362.9,350.5,148.8,207.3,220.1,314.5,368.9,400.0,424.9,455.8,498.3,573.6,1543.3,4013.7,11062.4,98132.5,98119
read,382.7,393.6,160.7,208.1,221.2,325.7,400.1,451.2,490.3,533.1,580.1,639.8,945.6,4499.8,15521.7,48105.2,48176
read,384.9,282.1,160.7,208.7,221.9,334.7,422.1,475.3,509.8,543.4,580.5,631.6,915.1,3407.4,9452.2,35057.3,34929
read,367.6,299.9,148.8,209.5,222.6,320.5,386.0,425.2,456.7,496.7,546.9,618.1,866.4,3799.3,10445.8,69593.0,69735
read,458.5,347.2,160.7,215.4,231.4,412.7,511.6,567.9,607.2,650.5,712.1,821.7,1077.5,3890.6,12681.0,20700.3,20753
read,346.5,375.7,160.7,204.3,215.5,300.2,353.7,386.4,411.8,446.0,494.1,567.3,985.8,3840.0,14099.5,84629.9,84642
read,369.2,313.3,148.8,204.2,216.2,316.6,394.7,448.5,486.9,526.2,567.7,622.1,847.2,2913.9,8862.2,42488.6,42333
read,357.3,327.9,148.8,204.9,217.1,305.1,366.0,406.7,443.0,489.0,541.8,607.9,929.6,3393.5,10787.9,61435.4,61587
read,352.1,320.0,160.7,206.9,219.6,303.8,360.0,394.8,423.0,460.0,510.4,583.9,939.6,3496.9,10954.0,78104.9,77998
read,330.2,247.4,148.8,204.6,216.0,298.1,350.2,380.2,402.3,430.6,468.2,528.9,664.6,2472.8,9907.6,97637.8,97625
read,379.3,213.8,160.7,211.0,226.1,357.8,437.6,473.4,496.3,520.8,547.5,586.2,672.8,1543.5,8605.4,23690.5,23781
read,347.3,325.7,148.8,205.4,218.2,311.0,374.1,412.2,442.4,481.3,528.9,587.2,687.2,1378.8,7724.8,66681.9,66723
read,379.7,255.6,148.8,208.5,222.8,343.6,429.8,476.9,505.8,534.8,567.5,611.3,701.3,2834.2,9912.9,31029.8,31016
read,365.5,213.8,160.7,206.2,219.7,326.4,400.1,448.6,484.5,523.6,565.3,617.6,723.8,1537.6,9167.1,47354.4,47394
read,329.2,176.3,148.8,205.1,217.2,300.7,355.0,386.0,408.4,435.9,473.1,533.4,644.8,1221.9,7529.2,95341.2,95335
read,385.9,1215.4,160.7,256.0,278.0,354.7,383.7,399.2,411.0,425.7,443.5,471.7,596.2,7144.4,15893.3,5251.0,5252
read,354.3,747.0,148.8,207.5,220.8,317.6,382.0,420.0,449.4,485.9,531.4,589.4,698.9,1427.8,7733.0,65799.0,65908
read,392.2,632.5,148.8,220.3,236.6,376.9,435.9,463.7,482.4,502.4,527.8,562.3,638.0,4031.6,15359.1,17024.0,16889
read,370.8,736.1,148.8,207.4,221.3,333.1,405.8,453.2,487.5,523.9,562.5,612.5,714.7,1661.3,8309.6,42858.0,42912
read,322.9,155.8,148.8,203.7,214.8,296.4,347.7,377.5,399.2,426.3,461.8,516.3,631.7,1054.8,6766.2,99918.6,99898
read,376.5,234.4,148.8,209.0,223.4,347.9,429.9,471.0,496.9,523.4,550.6,590.2,680.9,1669.5,9283.5,26389.0,26385
read,380.5,249.8,160.7,211.3,226.3,358.0,435.4,470.5,493.1,516.7,543.0,581.9,667.5,2762.9,9921.5,22619.0,22616
read,357.6,214.7,148.8,204.6,217.5,320.2,391.1,435.0,469.7,507.7,549.4,602.2,708.4,1466.1,8066.9,50516.4,50605
read,332.8,185.8,148.8,205.0,217.1,303.1,359.4,391.6,415.4,444.6,483.5,541.8,664.9,1252.6,7570.5,90125.4,90283
read,378.3,230.7,148.8,209.3,223.9,349.0,434.5,475.3,500.4,526.7,554.8,592.5,684.1,2113.6,9171.9,26287.0,26273
read,362.0,208.3,148.8,205.2,218.4,323.7,396.5,442.8,478.1,517.6,558.3,609.3,713.3,1698.7,8159.8,48556.6,48521
read,373.6,246.7,160.7,205.9,219.7,335.4,421.4,470.3,500.9,531.9,566.2,612.5,711.1,2399.0,11395.1,34183.1,34058
read,341.9,177.3,148.8,205.3,217.8,308.8,369.8,404.6,432.2,466.7,512.5,575.2,684.8,1433.0,7347.2,75402.3,75648
read,388.2,275.5,160.7,215.0,230.4,375.1,444.4,476.1,496.7,518.6,543.0,580.2,664.1,2888.2,12681.3,19451.1,19482
read,390.3,281.8,160.7,220.5,237.2,382.4,436.9,462.9,480.7,500.3,524.5,556.2,639.9,3824.0,12514.7,15127.1,15054
read,337.8,180.6,148.8,204.0,215.8,304.6,364.4,399.0,426.3,460.5,505.0,566.7,678.8,1434.5,7759.3,75639.8,75754
read,380.7,426.2,173.5,255.6,277.2,356.2,383.9,398.8,410.0,424.6,441.5,471.2,600.9,7602.5,16227.0,5179.2,5187

Total,QPS,=,50820.5,(50820464,/,1000.0s)

Total,connections,=,64
Misses,=,0,(0.0%)
Skipped,TXs,=,0,(0.0%)

RX,12552654855,bytes,:,12.0,MB/s
TX,0,bytes,:,0.0,MB/s
Warning!,Detected,max,cpu,usage,>,95%
CPU,Usage,Stats,(avg/min/max):,99.95%,49.49%,100.00%

Random,waveform,supplied,seed
Total,number,of,intervals,=,100,(7434,67201,85927,63953,31595,87879,7287,62295,6561,22532,60653,59076,60154,22964,8172,27652,37594,24367,33771,84944,85666,51918,34406,28664,38289,20658,13840,93419,98284,71313,42089,46458,30755,42889,93552,65694,29574,51355,67361,16287,81508,87619,99068,51267,11822,97494,97350,55460,85984,82043,52873,13911,49984,9274,27187,18735,86505,93039,75999,32324,84255,81759,37291,53818,30297,31569,38927,10652,98119,48176,34929,69735,20753,84642,42333,61587,77998,97625,23781,66723,31016,47394,95335,5252,65908,16889,42912,99898,26385,22616,50605,90283,26273,48521,34058,75648,19482,15054,75754,5187)
Average,QPS,expected,=,50833
Timestamp,start:,1684684147440
Timestamp,end:,1684685147864
