#type       avg     std     min      p5     p10     p50     p67     p75     p80     p85     p90     p95     p99    p999   p9999      QPS   target       ts_start         ts_end
read      265.5   209.8   148.8   183.8   192.6   243.2   272.4   292.7   308.8   327.7   350.6   381.8   460.8  2371.7  8607.6  30050.9    30000  1683795044688  1683795054826
read      260.4   205.9   148.8   180.9   189.6   235.9   266.2   286.7   303.3   322.8   347.0   379.8   454.7  2147.3  9614.1  30047.5    30005  1683795056337  1683795066471
read      259.6   210.3   137.8   178.6   187.8   236.3   266.7   286.6   302.1   320.3   343.2   373.6   451.6  2744.1  8598.1  29970.7    30010  1683795067979  1683795078086
read      258.5   197.7   148.8   179.8   188.7   236.5   266.8   286.7   302.2   320.5   343.0   371.7   432.5  2013.0  8613.6  30056.9    30015  1683795079597  1683795089707
read      259.1   190.9   148.8   181.3   190.0   237.5   267.1   286.5   301.6   319.7   342.2   372.0   442.2  2210.5  8605.7  29954.1    30020  1683795091219  1683795101326
read      262.8   237.9   137.8   179.4   188.7   238.0   268.9   289.5   305.5   324.1   347.0   380.1   460.1  2765.7 11509.2  30031.5    30025  1683795102835  1683795112949
read      269.2   205.5   148.8   182.3   191.5   247.0   281.5   303.5   319.3   338.2   360.4   390.7   457.5  2149.1 10608.8  29963.9    30030  1683795114460  1683795124576
read      263.1   214.3   148.8   179.1   188.6   240.5   271.5   291.5   306.8   324.6   347.0   378.5   454.8  2799.7  8608.2  30150.7    30035  1683795126086  1683795136195
read      270.4   235.1   137.8   181.3   191.2   248.1   282.7   303.9   318.7   336.9   359.1   389.7   458.9  2252.5 10742.6  30031.3    30040  1683795137704  1683795147813
read      264.1   219.1   137.8   179.5   188.9   241.8   273.5   294.4   310.3   328.4   350.0   379.3   450.4  2313.9  9362.5  30117.7    30045  1683795149322  1683795159430
read      262.6   199.1   137.8   182.0   191.0   239.9   269.8   290.0   305.7   324.3   347.1   379.3   456.2  2250.7  8600.2  30129.5    30050  1683795160943  1683795171050
read      267.0   236.4   148.8   180.1   189.5   243.9   276.3   297.3   313.9   332.5   354.5   384.7   451.8  2545.6  9864.5  30023.0    30055  1683795172561  1683795182672
read      265.0   233.8   148.8   181.5   190.5   241.2   272.5   293.3   309.4   328.0   350.2   380.5   449.1  2632.5 10210.2  30112.8    30060  1683795184182  1683795194291
read      259.8   250.0   148.8   180.3   188.7   235.2   264.4   283.4   298.1   317.1   339.9   369.7   444.6  3027.5 11792.7  30066.5    30065  1683795195799  1683795205908
read      265.0   210.0   148.8   180.6   190.1   243.4   275.4   296.5   312.1   329.7   350.6   380.6   455.1  2115.8 10943.8  30104.2    30070  1683795207419  1683795217541
read      259.7   183.3   137.8   179.9   189.1   238.7   268.1   287.4   302.4   320.1   342.6   372.7   449.4  2010.9  8201.2  30046.9    30075  1683795219050  1683795229155
read      261.3   207.3   148.8   179.7   188.8   238.2   268.8   289.0   304.7   323.3   346.0   376.4   456.9  2585.4  8766.5  30061.5    30080  1683795230665  1683795240772
read      267.5   212.4   148.8   181.1   190.4   245.9   279.5   300.5   316.1   334.3   356.0   386.2   457.3  2177.3  8635.1  30144.4    30085  1683795242282  1683795252390
read      265.3   195.0   148.8   181.5   190.5   242.9   275.1   296.1   312.4   331.3   354.3   384.9   455.9  2341.6  8650.1  30090.5    30090  1683795253898  1683795264016
read      264.7   186.7   137.8   182.2   191.7   243.5   273.0   293.5   309.6   328.6   352.1   384.8   461.7  2014.7  8787.5  30068.6    30095  1683795265527  1683795275646
read      266.1   217.7   148.8   181.9   191.5   244.6   274.5   294.6   310.6   329.1   351.3   382.0   460.7  2085.3 10794.4  30079.5    30100  1683795277162  1683795287268
read      260.9   188.3   137.8   180.1   189.5   240.2   270.7   290.8   306.1   323.5   345.7   374.9   439.4  1994.1  8973.4  30135.7    30105  1683795288779  1683795298886
read      262.9   210.3   148.8   179.3   188.4   237.9   269.7   290.9   307.6   327.5   351.6   384.8   470.3  2391.8  9440.0  30228.2    30110  1683795300396  1683795310503
read      263.3   191.9   148.8   181.1   190.2   240.9   272.3   293.7   310.5   329.8   352.4   382.9   450.7  2016.7  8633.2  30066.4    30115  1683795312014  1683795322126
