#type       avg     std     min      p5     p10     p50     p67     p75     p80     p85     p90     p95     p99    p999   p9999      QPS   target       ts_start         ts_end
read      266.7   193.2   148.8   180.8   190.5   244.1   275.8   297.1   314.0   333.6   357.3   390.0   467.9  2226.2  8688.2  29979.0    30000  1683794073065  1683794083211
read      270.7   208.6   137.8   181.6   191.2   247.9   282.1   303.7   319.4   338.7   362.2   394.1   466.1  2481.3  9236.3  30022.8    30005  1683794084718  1683794094846
read      270.5   200.7   148.8   186.1   194.7   249.8   280.2   300.0   315.7   334.4   357.3   390.0   467.0  2180.4  8546.5  30114.1    30010  1683794096357  1683794106470
read      271.8   221.3   148.8   182.7   192.3   249.6   282.7   303.8   319.3   338.0   360.6   392.3   470.3  2399.5 10734.0  29962.4    30015  1683794107979  1683794118088
read      267.8   215.9   148.8   181.4   190.9   245.8   277.9   298.8   315.2   334.1   356.6   387.6   459.5  2227.6 11062.9  30088.2    30020  1683794119601  1683794129715
read      262.9   198.1   148.8   182.0   190.9   241.4   270.9   290.9   306.7   325.4   347.9   379.1   446.6  2242.5  9873.7  29997.7    30025  1683794131225  1683794141335
read      265.5   201.3   148.8   180.8   190.1   243.6   275.3   296.5   313.0   331.9   354.7   385.9   458.3  2137.4  8788.9  30035.9    30030  1683794142843  1683794152951
read      264.9   189.0   137.8   182.2   191.5   243.8   273.2   293.4   309.3   328.0   351.2   384.2   468.2  2183.3  8077.6  30042.8    30035  1683794154463  1683794164575
read      266.0   209.5   148.8   181.3   190.5   243.2   275.1   296.3   313.1   332.2   354.8   385.8   458.3  2632.1  9999.7  30001.5    30040  1683794166087  1683794176195
read      263.6   185.9   148.8   179.7   189.3   243.3   273.7   293.7   309.1   326.8   348.1   377.8   459.0  2078.5  8504.0  30035.5    30045  1683794177705  1683794187813
read      270.1   209.1   148.8   182.2   191.9   249.5   282.2   302.3   317.1   334.8   356.1   385.9   457.8  2324.2  9818.4  30011.9    30050  1683794189323  1683794199431
read      262.4   191.0   148.8   180.5   190.0   241.2   271.4   291.7   307.4   325.5   347.0   377.3   450.0  2031.4  8684.8  29971.8    30055  1683794200941  1683794211052
read      269.9   227.7   148.8   182.5   192.0   247.4   279.2   300.0   316.4   335.7   358.8   391.0   467.8  2212.1  9262.3  29959.5    30060  1683794212561  1683794222672
read      260.6   179.5   148.8   180.4   189.7   240.7   270.5   290.0   304.9   322.1   344.4   374.2   446.5  1731.4  8099.1  30126.8    30065  1683794224182  1683794234298
read      256.4   191.6   137.8   180.3   189.1   235.5   263.5   281.3   295.7   314.2   337.0   368.5   439.1  1867.0  9913.7  30020.4    30070  1683794235805  1683794245916
read      264.6   210.6   148.8   181.6   190.7   242.6   273.1   293.3   309.1   327.2   349.1   379.4   449.6  2587.9  9556.0  30013.3    30075  1683794247427  1683794257544
read      259.8   194.9   148.8   183.2   191.6   239.0   266.9   285.3   299.7   318.1   340.9   370.7   437.8  2012.4  8691.2  30130.2    30080  1683794259053  1683794269164
read      269.0   194.3   148.8   182.8   192.3   247.6   279.6   300.3   316.3   335.3   358.4   390.5   467.9  2300.5  8457.8  30211.9    30085  1683794270676  1683794280784
read      268.4   233.5   148.8   181.4   190.7   244.8   277.5   298.9   315.2   334.7   358.0   389.7   467.6  2266.2 12113.1  30068.1    30090  1683794282294  1683794292400
read      263.0   207.9   137.8   181.7   190.6   239.6   269.2   289.2   305.2   324.5   348.2   381.6   465.8  2568.2  8925.4  30078.2    30095  1683794293908  1683794304014
read      264.8   190.7   137.8   181.8   190.9   243.1   273.8   294.5   310.6   329.2   351.7   384.1   467.2  2127.9  8552.7  30026.1    30100  1683794305525  1683794315641
